 
 
 
 
 
 
 
 
இÛய தëÔைகÚ தைலவå 
மால ைல தான தëÔைக அÔைக 
2024-25 ஆÙ}äகான« 
 
 
 
தâநா© அர¦  
அÔைக எÙ  2 - 2026 
(மால ைல தான தëÔைக அÔைக) 


 
2024-25  
 
 
 
 
 
 
 
 
 
 
 
 
 
 
 
 
 
 
 
 
 
 
2  2026 
( ) 

 
i 
 
 
   
  vii 
  ix 
  xiii 
I -   
 1.1 1 
 1.1.1 1 
 1.1.2 2 
 1.1.2.1 2 
GSVA- 1.1.2.2 4 
 1.1.3 6 
 1.1.4 8 
 1.1.5 8 
 1.2 10 
 1.2.1 10 
 1.2.2 26 
 1.2.3 27 
 1.2.4 28 
1.2.4.1 32 
1.2.4.2 40 
 1.3 45 
 1.4 46 
 1.4.1 46 
 1.4.2 47 
 1.4.3 48 
 1.5 50 
 1.5.1 51 

- ,  
ii 
   
1.5.1.1 52 
1.5.1.2 54 
1.5.1.3 56 
1.5.1.4 56 
 1.5.2 57 
 1.5.3 58 
 1.5.4 61 
 1.5.5 63 
-  1.5.6 66 
 1.5.7 67 
1.5.7.1 68 
1.5.7.2 70 
1.5.7.3 74 
 1.6 76 
 1.7 77 
 II -     
 2.1 79 
 2.2 80 
 
2.2.1 82 
 2.3 83 
 2.4 85 
 2.5 85 
 2.5.1 85 
 2.5.2 87 
2.5.2.1 88 

iii 
   
 2.5.3 91 
 2.5.4 91 
 
2.5.5 91 
 2.5.6 97 
 
2.5.7 97 
 2.5.8 98 
CSS)  2.6 101 
-
 2.6.1 101 
 2.6.2 103 
- -
 
2.6.3 103 
 2.7 105 
 2.7.1 105 
 2.8 107 
 
2.8.1 107 
 2.9 108 
 2.10 109 
 2.11 109 
 III -   
 
3.1 111 
 3.2 115 

- ,  
iv 
   
 3.2.1 115 
 3.2.2 116 
 3.2.3 117 
 3.2.4 117 
 3.2.5 117 
DDO
 3.3 118 
 3.4 119 
 3.5 120 
 3.6 122 
 3.7 123 
, DDR
 3.8 124 
 3.9 125 
 3.10 127 
 3.11 128 
 3.12 128 
 3.13 129 
DISCOM 
 3.14 130 
, ,  3.15 134 
 3.16 135 
PAC)  3.16.1 135 
ATN  3.16.2 135 
 3.17 136 
 3.18 136 

v 
 
    
1.1  1.1.3 139 
1.2 2024-25
 
1.1.4, 1.2.4.1 
, 1.2.4.2  143 
1.3 31 2025  
 1.1.5 146 
2.1 
(  
) 
 
2.5.3 148 
2.2 
(  3 
) 
 
2.5.3 150 
2.3 
2024-25
 )
2.5.4 152 
2.4 
2024-25 ,  
 
  
2.5.5 153 
2.5 
2022-23  2024-25
 ) 
  
2.5.5 154 
2.6 
2024-25 
-
 
2.5.5 156 
2.7 
2025   
2.5.5 160 
2.8 2024-25  
  2.5.5 164 
2.9 
-    
, 
2024-25
100  
2.5.5 170 
2.10 
2024-25
 
2.5.6 173 
 

- ,  
vi 
    
2.11 
2025
 2.5.8 174 
2.12 
2024-25
 
2.5.8 191 
2.13 
99 - 
, 
 
2.8.1 197 
3.1 
31, 2025 
 
3.13 199 
3.2 , , 
 3.15 204 
 
  
- 205 
 

 
 
 
,   
      
  .    
 . 
 
 
 
 
 
 
 
, 
 
vii 

 
  
 
 
 
 
  

 
 

 
ix 
 
, 151 (2) , 
CAG) 
, 
  
, 
, 
PAG (A&E)) 
  
( ) , CAG
 
.
 
     
 
  ( -I)
 
 
( ) 
  
   
 
  
 CAG  
  
05  2025 
 
 

x 
 
1. , 266(1)) 
,  
 
.
.  , 
,  
; 
 
( ) . 
2.  ( , 267(2)) 
. 
. 
. 
3. , 266(2)) 
 
.  
 , 
, 
( , , 
(
)   
  
. 
  

xi


 
  
 
 
 
 
  

 
 

 
xiii 
 
 
 

xiv 
 
 
 
 
 
 
 
 

 
xv 
 
 
 
 
 
 
 

xvi 
 

 
 
 
 
 
 
  

 
 

 
 
 
  
 
 
  
 
 
 
   
 
  
 
  
 
  
 
  

 
 
   
 
  
 
  
 
  
 
  
 
  
 
  
   
  
PCI
 
   
PCI) 
PCI) 
 
  

 
 
-  
          
 
P  
 
 
 
 
PCI            
PCI            
 
 
 
 
 
10.46 11.76
11.03 10.59
6.37
-1.24
18.85
13.96
12.02 9.78
9.68 10.72
12.47 11.27
6.93
2.58
15.91 14.47 13.34
15.98
8.54 8.46 8.57 8.63 8.67 9.01 8.78 8.82 8.93
9.43
-2
0
2
4
6
8
10
-5
0
5
10
15
20
(GSDP GDP )
(GDP GSDP ) 1.1: 
GSDP GDP

 
 
 
PCI) 
 
 
 
94,797 1,04,880 1,15,224 1,25,946 1,32,341 1,27,244
1,50,906 1,69,145 1,88,892 2,05,3241,42,028 1,56,595 1,75,276 1,94,373 2,06,165 2,09,628
2,42,339
2,75,272
3,13,329
3,61,619
0
50,000
1,00,000
1,50,000
2,00,000
2,50,000
3,00,000
3,50,000
4,00,000
( )
1.2:
13%
33%54%
1.3: 2024-25

 
 
 
 
 
 
 
 
98%
2%
55%
8%
37%
18%
3%
9%
10%
34%
5%
21%
3.79 3.84
17.96
7.93
11.81
13.96 14.00 13.83 13.79 13.41
15.15
11.62 11.86
11.16
2.90 2.42
21.19
8.41
15.34
17.72
7.58
10.39 11.49
13.49
9.39
1.44
12.57
18.10
11.78
17.45
0.00
5.00
10.00
15.00
20.00
25.00( )
1.4: GSVA

 
 
 
 
 
 
 
 
  
2024-25   -    (BE),  
 (RE)      (GSDP) 
   1.3 . 
 
 
 
 
 
BE  
 
E  
 
  
 
 
        
        
        
        
        
        
        
        
        
        

 
 
 
 
 
 
BE  
 
E  
 
  
 
 
        
        
        
        
        
  
       
        
   
    1   
     2   
  
       
 
 
 
 
 
                                                 
1        
2        

 
 
 
  
 
 
                                                                                                                           (  ) 
 
 
 
 
 
 
    


 
 
 
 
 ( ) 
  
 
   
 
 
    
 
 
 
          
 
 
        
          
           
 
    
 
 
 
    
 
   
          
          
       
 
   
            
           
 
      
                
             
* 
GST)
 
( :    ) 
 
 
.
 

 
 
  
 
  
 
 
       (  )
           
          
          
          
         
          
 
         
 
 
     ,     
 
         
 
          
 
         

 
 
       ( )
           
 
         
3 
 
         
 
(6.89 ), 
(15.98 ) . 
, 
, 
. 
 
 
 
 
                                                 
3  
   
10.97 10.77 9.98 10.66 10.01 9.74 10.01 10.27 9.84 9.07
0.00
2.00
4.00
6.00
8.00
10.00
12.00( )
1.7: 
GSDP

62 61 64 61 62 61 59 62 63 64
16 17 19 18 15 14 18 16 17 18
7 8 7 8 7 6 6 7 10 1215 14 10 13 16 19 17 15 10 6
0
20
40
60
80
100
1.8: 
(SGST)
289 ,

 
 
 
 
 
  
 
 
 
 
 
 
     
     
     
     
     
     
     
      
     
 
 
 
 
  

6.84
6.60
6.40
6.47
6.16
5.94
5.93
6.33
6.22
5.78
5.20
5.40
5.60
5.80
6.00
6.20
6.40
6.60
6.80
7.00
0
25,000
50,000
75,000
1,00,000
1,25,000
1,50,000
1,75,000
2,00,000
GSDP
0
10,000
20,000
30,000
40,000
50,000
60,000
70,000
80,000
0
10,000
20,000
30,000
40,000
50,000
60,000
70,000
0
5,000
10,000
15,000
20,000
25,000
0
2,000
4,000
6,000
8,000
10,000
12,000

 
 
 
(
 
 
 
 
IGST)
SGST
SGST IGST GSDP
5,836
6,248
5,815
6,863
7,206
7,822
8,237
10,423
10,774
11,055
0
2,000
4,000
6,000
8,000
10,000
12,000
1,301
1,242
1,219
621
574
482
494
1,506
5,680
2,687
0
1,000
2,000
3,000
4,000
5,000
6,000
258
153
152
178
258
211
205
248
256
278
0
50
100
150
200
250
300
2,604
2,973
1,048
-1
2
-29
27
6
20
11-50
450
950
1,450
1,950
2,450
2,950
3,450

 
 
 
C
 
 
 
 
  
 
  

 
 
 
 
  
 
 
 
 
 
 
 
     
     
4     
     
     
 
 
(DCPS)
 
 
 
 
 
 
  
                                                 
4 
  
  

8,918 9,914 10,764
14,200 12,888
10,422 12,117
17,061
25,904
33,6030.76 0.76 0.73
0.87
0.74
0.58 0.58
0.72
0.96
1.08
0.00
0.20
0.40
0.60
0.80
1.00
1.20
0
5,000
10,000
15,000
20,000
25,000
30,000
35,000
40,000
GSDP
0
5,000
10,000
15,000
20,000
25,000
0
500
1,000
1,500
2,000
2,500
3,000
3,500
4,000
4,500
0
500
1,000
1,500
2,000
2,500
3,000
3,500
4,000
4,500
0
500
1,000
1,500
2,000
2,500

 
 
 
 
439
389
392
680
895
668
1,009
2,004
2,724
1,929
0
500
1,000
1,500
2,000
2,500
3,000
981
984
1,146
1,057
1,150
765
1,005
1,200
1,550
940
0
200
400
600
800
1,000
1,200
1,400
1,600
1,800
202
223
282
275
345
321
189
339
320
599
0
100
200
300
400
500
600
700
163
133
125
143
83
181
118
231
398
572
0
100
200
300
400
500
600
700
141
185
159
156
192
205
272
301
700
517
0
100
200
300
400
500
600
700
800
108
67
160
209
209
205
157
178
368
348
0
50
100
150
200
250
300
350
400

 
 
 
 
 
  
 
 
 
                                                 
5  ,      
            
  . 
        
           
     
      
     
 
    
     
     
     
5          
          
187
162
104
156
149
178
188
271
267
284
0
50
100
150
200
250
300

 
 
 
 
 
 
 
2018-19 2022-23 , 
GSDP) 
. , 
 ,  
, 
  
  
 
  
1.73
1.88 1.85 1.88
1.51
1.39
1.81
1.63 1.71 1.68
0
0.5
1
1.5
2
2015-16 2016-17 2017-18 2018-19 2019-20 2020-21 2021-22 2022-23 2023-24 2024-25
( )
GSDP

 
 
         
           
 
  
   
         
 
       
 
        
 
 
        
 
 
  
 
 
 (34.85 ) 
.  
(GST)
 ),  
(MGNREGA)  ), 
 (PMAY) 654 ), 
561 )
. 
.  2023-24
-19
.  , 
.  2024-25 ,
. 
 
 

 
 
 
 
 
  
 
 
 
 
 
 
  
    
    
    
    
)  
   
1.64
1.52
1.00
1.43
1.59
1.82
1.69
1.59
0.94
0.53
0.00
0.40
0.80
1.20
1.60
2.00
2015-16 2016-17 2017-18 2018-19 2019-20 2020-21 2021-22 2022-23 2023-24 2024-25
( )
GIA

 
 
 
 
 
  
 
   
 
   
 
   
    
    
    
    
    
    
    
    
 
   
 
   
    
 
   
 
  
 
  

 
 
 
    
 2024-25 
XV FC 
 
2024-25 
 
(
 ) 
(i) PRI-  2,956.80 1,813.23 1,478.50 (81.54) 
( ) //
 
1,774.00   
( ) 
 1,182.80   
(ii) 
 
1,036.00 972.91 972.91  
( ) 
( /
) 
   
( ) 
(
/
) 
   
(iii) 
 889.00 870.40 870.40  
( i+ii+iii ) 4,881.80 3,656.54 3,321.81  
(SDRF) 
    
    
(SDMF) 
    
    
SDRMF-  1,575.00 1,575.00 1,575.00  1,575.00 
 
 
 

 
 
 
 
  
 
 
 
      
 
          
 
 
 
 
 
 
 
           
           
           
           
 
          
 
 
 
  

3.07
5.08
3.12 3.12
3.83
5.75
5.04
4.26
4.89 4.66
3.12
5.35
3.70
3.55
4.14
6.05
5.30
4.31
5.04 4.78
0.00
2.00
4.00
6.00
8.00
2015-16 2016-17 2017-18 2018-19 2019-20 2020-21 2021-22 2022-23 2023-24 2024-25
GSDP GSDP

 
 
 
      
  
     
          
-            
           
 
          
 
          
 
          
 
 
          
6
FD) 
          
 
   
  
                                                 
6 
  

 
 
 
 
    
           
           
           
           
           
           
 
 
 
 
 
  

 
 
 
 
 
 
  
 
 
          
           
 
 
 
 
 
      
 
13.80
15.35
13.28
13.99
13.77
15.28
14.22
13.77
13.35
12.44
0.00
5.00
10.00
15.00
20.00( )
1.17 
87 77 86 86 88 86 86 86 86 85
12
10
10 11 11 12 13 12 11 12
1
13
3 3 2 1 1 2 2 3 *
0
20
40
60
80
100
120( )
1.18: 

 
 
 
  
 
 
 
 
 
 
 
 
29 26 32 32 33 29 29 31 32 32
37 31 33 34 33 37 35 32 32 33
26
24
26 25 26 27 28 29 27 26
7
6
6 6 6 6 7 6 7 6
1
13
3 3 2 1 1 2 2 3
0
20
40
60
80
100
120
2015-16 2016-17 2017-18 2018-19 2019-20 2020-21 2021-22 2022-23 2023-24 2024-25
( )
1.19: 

 
 
 
 
 
 
  
 
  
 
 
          
           
           
 
          
 
          
 
          
          

 
 
  
           
 
 
 
          
 
          
 
 
 
 
 
 
  
 
 
        
           
           
           
           
           
 

 
 
 
 
  
 
   
 
 
 
         
 
          
7           
           
           
           
 
          
 
                                                 
7  
 
  
32 34 36 37 37 33 33 35 36 37
39 36 36 36 35 38 35 32 33 34
21 22 21 20 20 22 24 26 23 22
8 8 7 7 8 7 8 7 8 7
0
10
20
30
40
50
60
70
80
90
100( )

 
 
 
 
 
 
 
.
 
  
 
  
28 28 30 29 32 32 28 27 27 27
14 14 15 17 17 15 13 13 14 14
14 15 18 17 18 21 20 19 20 21
44 43 37 37 33 32 39 41 39 38
0
20
40
60
80
100( )

 
 
 
         
            
 
           
 
 
          
 
           
            
            
 
 
          
 
           
 
 
          
 
 
          
 
          
           
8           
            
  
 
                                                 
8
 
 
 
  
  
 
 
 
 
  
  
 
  

 
 
 
 
 
 
 
 
 
 
 
9.55
11.48
10.41 10.89 11.54
14.42
10.45
12.13
14.27
18.60
8.73
10.50 9.07 9.60 9.57
10.62
8.54
10.5612.19
16.00
7.59 8.05 7.83 8.30 8.39 9.19
7.36
9.05
10.51
13.56
1.05 1.24 1.04 1.16 1.16 1.40 1.05 1.25 1.40 1.69
0.00
4.00
8.00
12.00
16.00
20.00( )
GSDP

 
 
 
         
 2015-16 2016-17 2017-18 2018-19 2019-20 2020-21 2021-22 2022-23 2023-24 2024-25 
( )  
( )           
GIA 
          
 
( ) 
          
PRI-
GIA 
          
( )            
( )  
           
(  + )           
GIA 
          
           
 
          
  
 
 
 
 
  

 
 
 
 
 
 
 
 
 
  
 
 
 
 
 
 
     
 
 
 
   
 
 
 
 
RLB   RLB   
        
        
        
 
 

 
 
 
 
 
2020-21 , 
. , 2023-24
, 2024-25 . 
, 
. 
2015-16 11.70 . 2016-17   
2019-20 , , 
 10.36 10.68 .  2020-21 
 2024-25  , 
11.28 12.56 . 
 , 
 , 
18,995
20,709
20,203
24,311
25,632
33,068
37,011
39,530
40,500
47,108
1.61 1.59
1.38
1.49 1.47
1.85 1.79
1.67
1.51 1.51
0
0.5
1
1.5
2
0
5,000
10,000
15,000
20,000
25,000
30,000
35,000
40,000
45,000
50,000
2015-16 2016-17 2017-18 2018-19 2019-20 2020-21 2021-22 2022-23 2023-24 2024-25
1.23 -
GSDP

 
 
. , 
, 1.94 
. 
 
  
 
 
         
 
          
 
  
 
2024-25  ,    ,  
       
  .   
 ,   (29.41 )   
 (12.81 )    . 
 ,     
 /    
 .     
    ,  17.45 
,    17.72    
.   ,    
 . 
 
  

 
 
25,725
29,811
33,579
36,480
39,866
41,578
42,167
44,526
44,930
61,735
156 185 153 135 160 174 256 294 700 514
0
10,000
20,000
30,000
40,000
50,000
60,000
70,000
1.25: 
 
 
 31, 2025 , ,     
      . ,  
 (  ),   (  ), 
  (  )      
(  )  . , ,  
        
 ,     1.25  
. ,    
        
   1.26  . 
 
 
 
 
 
 
 
 
 
 
 
 
5 4 4 3 4 3 2 3 2 2
30 29 24 29 23 33 40 36 36 35
65 67 72 68 73 64 58 61 62 63
0
20
40
60
80
100
( )
0.61 0.62 0.46 0.37 0.40 0.42 0.61 0.66 1.56 0.83
10.52
8.42 8.84 8.61 8.41 8.16 7.88 7.76 7.84 7.78
0
2
4
6
8
10
12( )
1.26: 

 
 
2024-25 , , , 
        
   ,   9 
  , 0.83 . 2015 16  2024 25 
 ,      
0.37  1.56   .  ,  
        
 7.76   10.52   .  
    
   .    
  . ,     
 . 
 
10    
,        
. ,      
 ),      ) 
       ) . 
  ,     (CMRL) 
 .   
     
   .   
     
 ,    
 .      
    (  2014)   
  (  2015),   , 
    ,   
  30       
30   
  . ,  ,   
      , 
                                                 
9         
    
10    , ( ,  , , , 
 , )        

 
 
  ,   
 90    
  (  2025)    
 . 
     
    
      
. ,      
   35 . 
,    , 2024-25    
     
      . 
 , 
. 
  
 
   ,     
 ,  /  
    .  31, 2025  
      , 
        
      
  1.22  . 
 1.22  
          
           
 
          
 
          
           
 
          
          
           

 
 
           
 
 
 
 
 
 
 
 
 
  
 
 
 

 
 
  
 
  
 
 
         
           
           
           
           
 
           
           
           
 
 
           
           
 
          
           
  
          
 
          
           
(
  

 
 
 
  
    ,    
  . , 
     
     .  ,  
        
. 
31, 2025 , , 
.     31, 2025 
   ,  1.24  
. 
 
 ) 
     
 
 
 
   11   
 
      
 
      
 
      
 
      
       
 
      
 
      
 
      
      
                                                 
11  
   ,   
          
     

 
 
  
    ,    
      .  
     , 
, ,  , 
       
.   , 
   . 31  2022 ,  
    
. 
 , 2024-25   
 .   ,   
/  /
   . 
 ,      
,       
.      
    . , 
        
.  
2023-24 2024-25 
  
 
   ) 
  
  
 
 
   
   
   
   
   
   
   

 
 
)
  
  
 
 
 
  
 
  
   
   
   
   
 
  
 
 
) 
     
2015-16     
     
     
    0 
     
     
     
     
     
     

 
 
 
  
 
.  
 
( : )
7.60 7.36 7.13 7.34 6.90 6.52 6.51 7.05 7.18 6.86
1.73 1.88 1.85 1.88 1.51 1.39 1.81 1.63 1.71 1.68
11.02 11.04 10.56 11.08 10.32 10.03 10.27 10.32 9.99
9.19
0
2
4
6
8
10
12( )
1.27:
GSDP GSDP
GSDP 
13.80
15.35
13.28
13.99
13.77
15.28
14.22 13.77
13.35
12.44
11.98 11.76 11.46
12.10
12.07
13.22
12.26
11.80 11.52
10.54
1.61 1.59 1.38 1.49 1.47 1.85 1.79 1.67 1.51 1.51
0
2
4
6
8
10
12
14
16
18
TE/GSDP RE/GSDP CE/GSDP

 
 
 
 
  
  
  
  
 
 
 
 
, ,  
  ,   2015-16  2022-23  
  .  , 2023-24   
     . 
, 
  
 , 2021-22   ,   
2,23,030 
2,83,394 
3,26,518 
3,68,736 
4,23,743 
5,12,555 
5,96,331 
6,77,255 
7,58,086 
8,53,765 
18.96
21.76 22.29 22.62
24.31
28.67 28.77 28.55 28.19
27.38
0.00
5.00
10.00
15.00
20.00
25.00
30.00
35.00
 -
 1,00,000
 2,00,000
 3,00,000
 4,00,000
 5,00,000
 6,00,000
 7,00,000
 8,00,000
 9,00,000
( )
(
GSDP

 
 
     . 
 28.90   2024-25  , 
      27.38  
. 
 
 
        
           
(  + )     
.      
 
 
 
    
. 
 
, 
, . 
  
 
  
 
 
 
( ) 
(GSDP) 
/
 
( ) 

 
 
        
           
 
 
  
/ 
( ) 
 
 
 ) 
 
 
 
 
 
 
  
85.77%
7.24%
6.99%

 
 
 
) 
 
  ,     3.69  
. , 
 6.70     1.31  
  .     
        
 ,     
 . 
,      ,  
        
  .  ,  
     
  . 
   ,    
    
 ,   ,   
     
 2015-16   2024-25  , 
         
 1.28   1.32  . 
  
34,696
64,283
42,969 45,596
64,785
91,997 90,843 90,806
1,16,602
1,28,163
5,739
7,275
8,035
13,881
16,510
14,874
18,385
25,377
41,643
38,470
0
20,000
40,000
60,000
80,000
1,00,000
1,20,000
1,40,000
2015-16 2016-17 2017-18 2018-19 2019-20 2020-21 2021-22 2022-23 2023-24 2024-25

 
 
 
(  )
   
         
 
           
 
           
            
 
           
 
( + + )           
( : ) 
GST 
 
 
, , 
 
, 
 
18 12 20 31 27 17 20 27 33 28
53
32
44
51
38
34 39
39 31 32
-5
-34
4
1
2
-1 -2
6 4 6
34 90 32
17
33
50 43 28 32 34
-40
-20
0
20
40
60
80
100
2015-16 2016-17 2017-18 2018-19 2019-20 2020-21 2021-22 2022-23 2023-24 2024-25
( )

 
 
      ,   
      
.     ,  1.33 
 . 
 
 
 
 
 
 
(  ) 
           
       93,983 81,835    
1       62,326 46,538    
2       33,067 37,011    
41,417 94,321 1,01,463 1,07,820 1,32,664 2,36,217 80,205
0% 10% 20% 30% 40% 50% 60% 70% 80% 90% 100%

 
 
(  ) 
           
3            
4            
  
1            
2  
           
3 NSSF-
           
4 
  
          
5 , 
, .           
6            
7            
8            
9            
10            
11       99,627 99,148    
12 /            
13       93,983 81,835    
  
2024-25     ,  
    (     
1.47 ),     (    
 3.25 )      
(     1.33 )  . 
 1.30    , 
 ,      
   ,  
   . 

 
 
: 1.30 /
  
    
 
(   (+) / 
 (-)) 
(  ) 
 
 
  
(  
 (+) / 
 
(-))  
(   ) 
 
(+) 0.38 0.00 
 (+) 5.08 (+) 5.08 
 (+) 100.71 (+) 100.71 
 (+) 106.17 (+ )105.79 
NTFA 
 1.30-  ,    
 45,946.17  (     
1.47 )    1,01,449.79  (  
   3.25 )  . 
,     
593.24    
  ,     
     3.27 .  
 
 
2003       (TNFR)  
,     , 
      
: 
 2026-27      
. 
      
  0.5  , 
       
3    
 -       
28.90   . 
      ,  
   
  . 

 
 
2015-16 2024-25 , 
     
 ,  1.31   1.34  
. 
 
 TNFR/MTFP   
 . 
2015-16 2016-17 2017-18 2018-19 2019-20 2020-21 2021-22 2022-23 2023-24 2024-25 
(+) /  
(-) 
) 
 2019-20 RD-  
2021-
22
RD-
 
2023-24 RD 
. 
2025-
26
RD-
 
2026-
27
RD-
 
 11,985 12,964 21,594 23,459 35,909 62,326 46,538 36,215 45,121 45,840 
(+) /  
(-) (
). 
 
 32,627 
(2.77) 
56,170 
(4.31) 
39,840 
(2.72) 
47,335 
(2.90) 
60,179 
(3.45) 
93,983 
(5.26) 
81,835 
(3.95) 
81,886 
(3.45) 
90,430 
(3.36) 
1,01,344 
(3.25) 
 
 
* 
( ) 
 25.20 25.20 25.20 25.20 25.20 25.20 28.70 29.30 29.10 28.90 
  
 
 
 
 
 
 
 
 
 
 
(28.67) 
 
 
 
 
 
 
 
 
 
 
 
 
1.02 1.00
1.47 1.44
2.06
3.49
2.25
1.53 1.68 1.47
2.77
4.31
2.72 2.90
3.45
5.26
3.95
3.45 3.36 3.25
1.30
2.74
0.94
1.14
1.62
3.21
1.94
1.47 1.37 1.33
0.00
1.00
2.00
3.00
4.00
5.00
6.00( )
GSDP GSDP GSDP

 
 
       
  3    
, 2023-24    3.36   , 
2024-25   3.25   1.34 
 . ,   ,  
  ,  . 
       
, 2022-23       
      ,  
     
. ,    (MTFP) 
  , 
    1.32  . 
 1.32: 2024-25   MTFP    
  
  MTFP 
  
(2024-25) 
 
( ) 
1    
2    
3    
4    
5 (1+2+3+4)   
6    
7 (+) / (-) (5-6)   
8 (+) / (-)   
9 -
( ) #
10 
( ) 
GST)
(i) MTFP, (ii)
GSDP ) 

2024-25 (GSDP)
, 
( ) , 
2024-25 , 
(GSDP) GSDP , 
, 
, GSDP-
,
3.26 3.25
3.00
0.00
0.50
1.00
1.50
2.00
2.50
3.00
3.50
4.00
1.36: GSDP
FC 
1.45 1.47
-1.74
-2.00
-1.50
-1.00
-0.50
0.00
0.50
1.00
1.50
1.35: GSDP
/
FC 
28.90 27.38
28.90
0.00
5.00
10.00
15.00
20.00
25.00
30.00
1.37: GSDP
FC 

 
 
 
0.04 0.29 0.20 0.12
0.68
1.95
0.47 0.32 0.36 0.67
1.02 1.00
1.47 1.44
2.06
3.49
2.25
1.53 1.68 1.47
0.00
1.00
2.00
3.00
4.00
2015-16 2016-17 2017-18 2018-19 2019-20 2020-21 2021-22 2022-23 2023-24 2024-25
( )
1.38: 
GSDP
3.20
3.63
2.52 2.53 2.68
4.11
2.80 2.79 2.98 3.23
2.77
4.31
2.72 2.90
3.45
5.26
3.95
3.45 3.36 3.25
0.00
1.00
2.00
3.00
4.00
5.00
6.00
2015-16 2016-17 2017-18 2018-19 2019-20 2020-21 2021-22 2022-23 2023-24 2024-25
( )
1.39: 
GSDP
24.25 25.39 25.45 25.48 26.54
30.79 27.34 26.44 28.02 27.94
18.96 21.76 22.29 22.62 24.31
28.67 28.77 28.55 28.19 27.38
0
10
20
30
40
2015-162016-172017-182018-192019-202020-212021-222022-232023-242024-25
( )
1.40:
GSDP /

 
 
, , 
GSDP) , 
(
 , 
. 
 
 
2021-22  2023-24   ,   
     /  
,   ( ) 
 ,   .  
2024-25  ,   (
)   27.94  ,  
  27.38  .  
 
  
  ,      
   .  
    
  ,  1.33  
. 
 
(  ) 
 
  
     
       
  
 
 
     
 
 
 
 
 
 

 
 
( )
 
  
     
 
 
       
 
 
 
 
       
  
      
       
 
 
 
 
     
 
 
     
 
 
     
  
 
 
     
  
 
 
 
  
 
 
 
 
     
       

 
 
 
 
 
 
 
 
 
 
 1.33     
,    /   , 
2020-21  2024-25   20.96  
12.62  . ,  
       
   , 2021-22      
  . 
    ,    
      
.     
,     , 
    
.  ,    
.  ,    
   , 
, 
 
       
      ,  
21.18  .     
 , . 
    ,   
2020-21     .  , 
2021-22       , 2024-25  
  .   , -  
      , 
       
  . 
  

 
 
  
       , 
     
 .  , ,  
       
      . 
    293  ,   
      
 .    , 2003  
, (i)      
,      100  
     (GSDP) 10 , 
  (ii)  
 ,     
 75        
7.5  .  
     
 ,    2003     
.     .  , 
     .    
  ,    
       
,    
       
.  ,    
(          117   
     . 
2024-25   ,     
  . ,     
  .      
       . 
 31, 2025  ,   
  .      
 .   
.  
      
  1.34  . 
  

 
 
 
(  ) 
 2015-16 2016-17 2017-18 2018-19 2019-20 2020-21 2021-22 2022-23 2023-24 2024-25 
 
 
 
 
12 13 14 15
 
( : ) 
  ,    ),   
  ),    ),  
     )     
 )     
   . 
,      , 2023-24  
       
54.80   ),   
      
 4.65    
.  ,   
    . 
,     
    ,  58  
 .  ,    
   .  
  
   , 
    . ,  
 ,   , 
     
                                                 
12  
 
  
13  , 
 
  
14  
    
15 
  

 
 
      
.  ,  
,      
      
   . ,   
      
     
,     .   
 ,  , 
      
.    
  
, 
, 
.     ,  
     ,  ,   
     
    . , 
 ,      
      
.   
       
 ,  
 . 
  
 
 
   ) 
 
 31, 2025 
 
31, 2025 
 
1  415.74 386.46 
2 
 31.59 31.59 
3.  10.34 -- 
4. (GST
) 24,389.10 16,277 
5. (SGST) 33,263.39 12,031.48 
 58,110.16 28,726.53 

 
 
, 27.18 , 
  .  
, , ,
 
        
(  2026)  .   , SGST  GST   
        
    .    
,   . 
       
     ,  
 ,     
      
. 
   
/    (VAT)  
 
 
 
 
 
 
  
 
 
 
 
      
        

 
 
 
 
  ,   
      
   . 
2024 25        
   ,     
    ,  
 ,  1.37  
. 
  
 
 
 
 
 
 
 
  
 
 
 
      
 GST       
       
      
 ,      
     ,  
  . 
 
 
 
1.41 1.42 , 2015-16 2024-25 
, 
 

 
 
( : ) 
2024 25  ,     ), 
  )     ) 
     ,  
  61.47  . ,   
 ,     
 ,   81.07  . 
,     
   (65%  83% ) 
   (  ) 
  . ,   
      (58%   
70% ) , 2021 22   ,  
 (  )   . 
        
,     
     
.   ,   
    ,   
 ,    -  
    . 
  ,     
 ,    
       
     .  
  
65 68 74 74 79 83 71 72 76 81
35 32 26 26 21 17 29 28 24 19
0
20
40
60
80
100( )
1.41:
60 63 64 65 66 61 58 62 65 70
40 37 36 35 34 39 42 38 35 30
0
10
20
30
40
50
60
70
80
90
100( )
1.42:

 
 
  
, 
, 
, 
, 
, 
-IX 
 
 
    ) 
 
 
 
 
 
     
     
     
     
     
     
     
( : )
 
(  ) 
 
 
   
 
    
     
     
 
    
 
    
     
( : )
 

 
 
 
1. 
 
2. 
 
3. 
.  
 
4. 

 
 
 
 
   ,      
     .  
         
,    (    
     ) 
.       
,    . ,  
      
  1.40  . 
1.40   
 
( ) 
  
 
   
2020-21 
16.69 13.07 14.99 5.80
15.28 13.50 13.76 5.44
13.66 21.45 10.63 4.36
18.00 11.12 11.59 6.11
2024-25 
15.37 16.33 13.92 5.89
12.43 15.21 11.44 4.75
11.92 18.77 9.33 3.71
13.92 10.29 13.07 5.85
TE: , CE:

 
 
1.40 ,
   2020 21  13.76   
2024 25  11.44    . , 
     
  2020 21  5.44   2024 25   
4.75  .      
       
 . 
  
 
 
 
 
 
  
 
 
 
 
 
 
 
 
16
 
                                                 
16        
      

 
 
 
  
2024 25     ,  
      
.      15.98  
  .       
 .     -  
 . 
  , 
    , 2024 25  
     -GSDP  XV FC 
 3    
 2003 (TNFR)  . 
       
 . 
; , 
, ,
        (  
 84.70 ),  
 (   53.75 )    
(   16 )  
.   
    .   
     . 
,      
      .  
   ,    
  ,   
    . 
,     
,  ,  
 ,       
 .    
       
,     . 

 
 
7
1. 
,
, 
. 
2. 
, 
. 
3. 
, 
. 
4. 
, 
. 
5. 
6. 
 
 

 
 
 
 
 
 
 
 
 
 
 
 
 
 
 
  

 
 
 
 
 
 
 

 
 
 
 
 
 
 
 
 
 
 
  
202 , 
  
 ,
1  
.  
 
 
    
  
 
 
  
  
                                                 
1  : (
 , ) 
 
 .   
 : 
 .  

 
 
 
 
 
  /       
,    , 
 ,   
,      
 .    
,  
. 
 
 
 
 
  
 
   
  
 
 
       
       
 
 
      
       
 
       
        
 
 
       
       
       
       
 
 

 
 
 
 
 
 
       
 
     
      
      
      
      
      
     
     
      
RE-AE      
(TB-RE) TB       
(RE-AE) TB       
             ( : ) 
  
 

 
 
 
 
 
 
 
 
 
 
 
 
 
 
 
 
      
      
      
      
      
  
      
3,04,954
3,35,288
3,64,107
4,13,640
4,59,003
3,29,035
3,20,376
3,48,450
4,12,977
4,40,245
2,93,754 3,19,362
3,59,166
4,13,586
4,37,489
2,00,000
2,50,000
3,00,000
3,50,000
4,00,000
4,50,000
5,00,000
2020-21 2021-22 2022-23 2023-24 2024-25
( )
2.1:  2020-21 2024-25 BE, RE 

.
1,702
262
25
0 200 400 600 800 1000 1200 1400 1600 1800

 
 
 
 
 
 
  
 
 
  
 
  
  
  
  
 
  
  
  
  
  
  
   
  
  
  
  
  
 
 
56 56 56 56 5756 56 56 55 57
0 0 0 1 0
0
10
20
30
40
50
60
2020-21 2021-22 2022-23 2023-24 2024-25
( )

 
 
 
,  
 
 
  
 
 
  
 
 
 

 
 
 
 
  
, 2024-25  , ,
, 
/  
 2.5-
  
 
    
 
 
 
 
  
  
 
 
 
  
  
 
 
 
  
 

 
 
 
 
 
    
 
 
 
 
 
 
  
  
 
 
  
  
 
 
 
 
  
 
 
  

 
 
 
 
 
 
  
/ 
 
/    
 
 
  
  
 
2022-23 51  
  
 (  
) 
0.01 * 
2023-24 
10 
( ) 
0.03  
17  ( -
) 
0.75  
19  
 (  ) 0.01  
43 (
) 0.17  
 0.97  
 
 
 
 
 
 

 
 
 
 
  
     
 
- 
 
 
 
 
 
 
     
 
 
 
 
 
 
 
 
 
 
 
 
 
 
- 
 
 
 
 
AC 
 
     
 
 
 
 
 
 
 
 
 
 
 
 
 
 
 
 
 
 
 
- 
 
 
 
 
CA -
 
     
 
 
 
 
 
 
 
 
 
 
 
 
 
 
 
 
 
 
 
 
 
 
 
 
 
     

 
 
 
  
     
 
 
 
 
 
 
 
 
 
 
 
 
 
 
 
 
 
 
 
 
 
 
 
 
     
 
 
 
 
 
 
 
 
 
 
 
 
 
 
 
 
 
 
 
 
 
 
 
 
     
 
 
 
 
 
 
 
 
 
 
 
 
 
 
 
 
 
 
 
 
  

 
 
 
  
 
 
 
 
  
 
 
 
 
 

 
 
 
 
 
 
   
     
 
 
 
 
 
  
  
  
 
 
 PM
 

 
 
 
 
 
 
 
 
 
33
21
2 1
16,350.32
26,524.62
1,364.29 92.91
0
5
10
15
20
25
30
35
0
5,000
10,000
15,000
20,000
25,000
30,000
0-10 10-30 30-50 50-70
( )
  

 
 
 
 
 
(
 
 
 
 
 
 
26,104
43,778
44,332
0 10,000 20,000 30,000 40,000 50,000

 
 
 
 
 
 
 
 
 
 
 
      
      
  
 
   
  
 
   
  
 
   
      
  
 
   
      
    
 

 
 
 
 
(i) PP .  
 
(ii) 
.  
 
(iii) 
 
 
(iv) 
 
.  
 
 
(v) 
.     
 Accessible India Campaign)
 
 
 

 
 
 
 
 
 
 
 
 
  
 
 
 
 
 
 

 
 
 
 
 
 
 
  
 
 
  

 
 
 
  
  
  
  
  
 
 
 
 
-153.53
70.49
-6.90 -3.77 -74.73 -77.51 -45.21 -114.07 -70.90 -9.48 -40.59 -33.95
25,549.08
25,976.22
29,874.59
37,503.33
30,487.39
32,615.49
34,628.32
31,532.20
42,240.47
34,967.96
34,187.20
71,768.46
-5,000
0
5,000
10,000
15,000
20,000
25,000
30,000
35,000
40,000
45,000
50,000
55,000
60,000
65,000
70,000
75,000
)
MCA RBI 

 
 
 
34,964.23
25,126.37
42,934.36
27,388.04
32,643.50
34,464.68
37,886.99
30,265.34
39,235.29
33,627.67
26,351.72
72,600.97
7.99
5.74
9.81
6.26 7.46 7.88 8.66
6.92
8.97
7.69
6.02
16.59
0
2
4
6
8
10
12
14
16
18
0
10,000
20,000
30,000
40,000
50,000
60,000
70,000
80,000( )
 
 
 
 
 
 
 
 
 
 
 
 
 
 
 
 
528.75
1,291.19
967.38
1,642.04
1,201.17
950.52
1,221.23
638.84 889.18 938.61
1,369.44
4,584.27
0
500
1,000
1,500
2,000
2,500
3,000
3,500
4,000
4,500
5,000
( )
MH-

 
 
 
 
 
 
 
 
 
CSS) ,    
    . ,  
   .
 
 
 
 
 
 
  

 
 
 
 
 
2  
 
 
  
  
 
 2     
      
      
      
      
      
 
                                                 
2  
 

 
 
 
 
 
 
 
 
 
 
 

 
 
 
 
 
 
 2.9: 2020-21  2024-25    
911 -    
) 
 
 
 
577.67
814.68
1,698.68
3,943.79
4,445.90
0
500
1,000
1,500
2,000
2,500
3,000
3,500
4,000
4,500
5,000
2020-21 2021-22 2022-23 2023-24 2024-25
( )

 
 
 
  
 
  
 
3
 
 
 
 
    
   
 
1.  
 
 
 
       
2.  
 
 
 
       
3.  
 
DC   
 
 
 
 
      
                                                 
3  
 

 
 
 
 
    
   
 
 
4.  
 
 
 
 
       
5.  
 
 
 
 
       
6.  
 
 
 
 
       
       
 
 
 
 
  

 
 
 
  
 
 
 
 
G.O. No. 334   
22.10.2022 ) 
 
(i) 
 
(ii) 
 
(iii) 
 
(iv)  
4
 
 
                                                 
4  
 

 
 
 
 
 
 
  
 

 
 
 
 
 
 
 
 
  
(i) 
 
(ii) 
 
2.11  
(i) 

 
 
 
 
(ii) 
 
(iii) 
 
 
 

 
 
 
 
 
 
 
 
  

 
 

 
139 
 1.1  
( :  1.1.3  8) 
 
        (  )
 2015-16 2016-17 2017-18 2018-19 2019-20 2020-21 2021-22 2022-23 2023-24 2024-25 
  .             
1   1,29,008 (37) 1,40,231 (36) 1,46,280 (37) 1,73,741 (38) 1,74,526 (34) 1,74,076 (28) 2,07,492 (33) 2,43,749 (30) 2,64,597 (28) 2,82,829 (28)
(i)     80,476 (62) 85,941 (61) 93,737 (64) 1,05,534 (61) 1,07,462 (62) 1,06,153 (61) 1,22,866 (59) 1,50,223 (62) 1,67,279 (63) 1,80,225 (64)
      (SGST) .. .. 24,589 (26) 38,533 (37) 38,376 (36) 37,942 (36) 45,277 (37) 53,823 (36) 61,961 (37) 70,887 (39)
            .. .. .. ..  .. .. .. .. ..
        ,     57,522 (72) 63,234 (74) 46,356 (49) 42,701 (40) 44,515 (41) 43,489 (41) 48,668 (40) 59,143 (39) 60,200 (36) 62,337 (35)
          5,836 (7) 6,248 (7) 5,815(6) 6,863 (7) 7,206 (7) 7,822 (7) 8,237 (7) 10,423 (7) 10,774 (6) 11,055 (6)
           4,233 (5) 4,854 (6) 5,363 (6) 5,573 (5) 5,675 (5) 4,561 (4) 5,627(5) 7,513 (5) 9,375 (6) 11,092 (6)
             8,721 (11) 7,237 (8) 9,195 (10) 11,066 (10) 10,856 (10) 11,675 (11) 14,331 (12) 17,560 (12) 19,013 (11) 21,878 (12)
          258 (..) 153 (..) 152 (..) 178 (..) 258 (..) 211 (..) 205 (..) 248 (..) 256 (..) 278 (..)
             2,153 (3) 2,551 (3) 900 (1) 3 (..) 11 (..) 2 (..) 12 (..) 5 (..) 7 (..) 1 (..)
          1,753 (2) 1,664 (2) 1,367 (2) 617 (1) 565 (1) 451 (..) 509 (..) 1,508 (1) 5,693 (3) 2,697 (1)
(ii)     8,918 (7) 9,914 (7) 10,764 (7) 14,200 (8) 12,888 (7) 10,422 (6) 12,117 (6) 17,061 (7) 25,904 (10) 33,603 (12)
(iii)        20,354 (16) 24,538 (18) 27,100 (19) 30,639 (18) 26,393 (15) 24,924 (14) 37,458 (18) 38,731 (16) 46,072 (17) 52,492 (19)
(iv)      19,260 (15) 19,838 (14) 14,679 (10) 23,368 (13) 27,783 (16) 32,577 (19) 35,051 (17) 37,734 (15) 25,342 (10) 16,509 (6)
2     .. 1 (..) 2 (..) .. .. .. .. 42 (..) 12 (..) 43 (..)
3      684 (..) 3,548 (1) 8,472 (2) 6,913 (1) 5,384 (1) 5,245 (1) 5,355 (1) 1,078 (..) 4,024 (..) 3,816 (..)
4        
(1+2+3) 1,29,692 1,43,780 1,54,754 1,80,654 1,79,910 1,79,321 2,12,847 2,44,869 2,68,633  2,86,688
5    36,066 (10) 66,143 (17) 45,722 (12) 47,936 (10) 66,774 (13) 1,02,867 (17) 1,04,485 (17) 1,01,062 (12) 1,31,597 (14) 1,45,203 (14)
   (     
    ) 34,695 64,283 42,969 45,596 64,784 91,997 90,843 90,807 1,16,602 1,28,163
     
     
   
.. .. .. .. .. .. .. .. .. 
..

 
 
 
140 
 
        (  )
 2015-16 2016-17 2017-18 2018-19 2019-20 2020-21 2021-22 2022-23 2023-24 2024-25 
     
 1,371 151,860 2,753 2,340 1,990 10,870 13,642 10,255 14,995 17,040
6      (4+5) 1,65,758 2,09,923 2,00,476 2,28,590 2,46,684 2,82,188 3,17,332 3,45,931 4,00,230 4,31,891
7      .. 19 .. .. 10 .. .. .. .. 355
8     1,82,545 (53) 1,81,475 (46) 1,95,989 (49) 2,34,439 (51) 2,61,483 (52) 3,36,178 (54) 3,98,157 (56) 4,79,342 (58) 5,44,412 (58) 5,89,701 (58)
9    (6+7+8) 3,48,303 3,91,417 3,96,465 4,63,029 5,08,177 6,18,366 7,15,489 8,25,273 9,44,642 10,21,947
  .  /           
10   1,40,993 (41) 1,53,195 (40) 1,67,874 (43) 1,97,200 (42) 2,10,435 (42) 2,36,402 (39) 2,54,030(36) 2,79,964 (34) 3,09,718 (33) 3,28,669 (33)
        (   ) 45,512 51,452 60,451 72,450 78,138 78,993 84,894 99,097 1,13,336 1,23,333 (38)
         54,806 55,297 59,790 70,202 73,999 89,805 88,749 88,967 1,01,245 1,10,427 (34)
         29,943 33,980 36,162 39,669 42,610 51,808 60,898 71,974 71,573 72,837 (22)
          10,732 12,466 11,471 14,879 15,688 15,796 19,489 19,926 23,564 22,072 (7)
11   18,995 (5) 20,709 (6) 20,203 (5) 24,311 (5) 25,632 (5) 33,067 (5) 37,011 (5) 39,530 (5) 40,500 47,108 (2)
         18,411 (97) 20,293 (98) .. .. .. .. .. .. .. ..
         584 (3) 416 (2) .. .. .. .. .. .. .. ..
         1,054 750 847 858 1,064 936 780 1,041 950  1,037 (2)
         5,660 6,041 4,731 6,996 5,860 10,831 14,985 14,324 14,398  16,224 (34)
         12,281 13,918 14,625 16,457 18,708 21,300 21,246 24,165 25,152 29,847 (63)
12     2,331 (1) 26,046 (7) 6,517 (2)  6,478 (1)  4,022 (1) 3,835 (1) 3,641 (1) 7,261 (1) 8845 (1) 11,905 (1)
13      
 
.. .. .. .. .. .. .. .. .. 350
14   (10+11+12+13) 1,62,319 1,99,950 1,94,594 2,27,989 2,40,089 2,73,304 2,94,682 3,26,755 3,59,063  3,88,032
15     6,605 (2) 8,200 (2) 8,991 (2) 15,064 (3) 17,866 (3) 16,228 (3) 19,737 (3) 27,105 (3) 43,565 40,685
                (                                   
  ) 5,739 7,275 8,035 13,881 16,510 14,874 18,385 25,377 41643 38,470
     
    .. .. .. .. .. .. .. .. .. ..
            
  866 925 956 1,183 1,356 1,354 1,352 1,728 1,922 2,215
16      
(14+15) 1,68,924 2,08,150 2,03,585 2,43,053 2,57,955 2,89,532 3,14,419 3,53,860 4,02,628 4,28,717
17   19 .. .. 10 .. .. .. .. 5 ..

141  
        (  )
 2015-16 2016-17 2017-18 2018-19 2019-20 2020-21 2021-22 2022-23 2023-24 2024-25 
18    1,77,442 
(51) 
1,73,007 
(45) 
1,84,209  
(48) 
2,23,930 
(48) 
2,44,023 
(49) 
3,23,189 
(53) 
3,83,757 
(55) 
4,62,459 
(57) 
5,38,016  
(57) 
5,76,191 
(57)
19     (16+17+18) 3,46,385 3,81,157 3,87,794 4,66,993 5,01,978 6,12,721 6,98,176 8,16,319 9,40,649 10,04,908
  . /           
20   (1-10) 11,985 12,964 21,594  23,459 35,909 62,326 46,538 36,215 45,121 45,840
21  (4-14) 32,627 56,170 39,840 47,335 60,179 93,983 81,835 81,886 90,430 1,01,344
22  (21+23) 15,236 35,637 13,828 18,578 28,199 57,486 40,271 34,975 36,864 41,435
  .            
23   (   
) 17,391 20,533 26,012 28,757 31,980 36,497 41,564 46,911 53,566 59,909
24     , 
 36,307 39,397 40,631 47,826 50,604 15,796 19,489 19,926 23,564 22,072
25      
( ) 
         
    ( ) .. .. .. .. .. .. .. .. .. ..
   ( ) .. .. .. .. .. .. .. .. .. ..
26 /    .. .. .. .. .. .. .. .. .. ..
27     (GSDP) 11,76,500 13,02,639 14,65,051 16,30,209 17,43,144 17,88,074 20,72,496 23,72,469 26,88,963 26,88,963
28     ( - ) 2,23,030 2,83,394 3,26,518 3,68,736 4,23,743 5,18,796 6,10,667 6,91,591 7,72,423 8,57,202
29    ( - ) 
(  ) 51,586 29,540 36,131 43,661 47,319 65,659 91,975 90,709 1,22.270 1,45,011
30      
( - ) 3,162 9,128 15,517 83,140 4,669 44,656 64,176 40,565 70,567 72,057
  :             
 I            
31   /GSDP 6.84 6.60 6.40 6.47 6.16 5.94 5.93 6.33 6.22 5.78
32    /GSDP  0.76 0.76 0.73 0.87 0.74 0.58 0.58 0.92 0.96 1.08
33  /GSDP 1.73 1.88 1.85 1.88 1.51 1.39 1.81 1.63 1.71 1.68
 II           
34   /GSDP 13.80 15.35 13.28 13.99 13.77 15.28 14.22 13.77 13.35 12.44
35  /   125.82 142.59 133.03 131.22 137.57 157.00 142.02 134.05 135.70 137.20
36  /   86.86 76.62 86.27 86.50 87.65 86.50 86.20 85.68 86.26 84.70
37     /  
 33.76 27.66 30.73 30.79 30.82 32.86 30.12 27.23 28.20 28.46
38    / 
  18.45 16.99 18.58 17.40 17.75 18.96 20.67 22.03 19.93 18.77
39  /   11.70 10.36 10.38 10.66 10.68 12.10 12.56 12.10 11.28 12.14

 
 
 
142 
 
        (  )
 2015-16 2016-17 2017-18 2018-19 2019-20 2020-21 2021-22 2022-23 2023-24 2024-25 
40      
/   11.05 9.98 9.95 10.29 10.23 11.76 12.29 11.78 11.01 11.87
 III             
41  /GSDP  1.02 1.00 1.47 1.44 2.06 3.49 2.25 1.53 1.68 1.47
42  /GSDP  2.77 4.31 2.72 2.90 3.45 5.26 3.95 3.45 3.36 3.25
43  /GSDP  1.30 2.74 0.94 1.14 1.62 3.21 1.94 1.47 1.37 1.33
 IV             
44  /GSDP* 18.96 21.76 22.29 22.62 24.31 28.67 29.07 29.15 28.57 27.27
45   /   13.48 14.64 17.78 16.55 18.32 20.97 20.03 19.25 20.24 21.18
       
GSDP MoSPI
* GST  ,  (back-to-back loan) 
28- '  
,  GSDP  
 
   
, 
.  , , 
, . 
, 
.  , 
, . 
 

143 
1.2 
(   1.1.4, 1.2.4.1 , 1.2.4.2 ,  8, 33,41) 
2024-25  
( ) 
 2023-24 2024-25  2023-24 2024-25 
:  
I.  2,64,596.66 2,82,829.28 I.  3,09,717.77 3,28,669.41 
 1,67,278.40 1,80,225.40  1,13,335.69 1,23,333.07 
 25,903.84 33,602.62  1,01,245.52 1,10,426.89 
 46,072.27 52,491.88 , , 
 46,213.02 45,263.46 
 13,971.63 10,422.79  16,556.97 18,416.66 
 6,250.76 5,198.01 
, , 
 
4,458.03 6,010.88 
 
 
5,119.76 888.58  159.31 81.93 
      
, 
 
4,262.15 4,381.71 
       1,020.31 978.68 
       27,946.05 34,726.93 
       629.68 566.64 
       71,572.85 72,837.54 
       19,658.57 19,248.36 
       6,763.3 5,608.81 
       19.08 4.69 
       2,860.76 3,648.07 
       24,037.19 24,637.01 
       3,299.86 3,870.44 
       3,303.49 3,774.7 
      , 
 45.87 54.51 
       11,584.73 11,990.95 
       23,563.71 22,071.91 
II. 
 
(-) 45,121.11 (-) 45,0840.13 
II. 
 
0 0 
:  
III. 
 
81,340.72 85,333.91 
III. 
 
  
0 0 
IV.  11.88 43.34 IV.  40,500.20 47,107.95 
       950.05 1,037.30 

 
144 
 
( )
 2023-24 2024-25  2023-24 2024-25 
       14,398.05 16,223.86 
      , , 
 1,009.55 1,699.50 
       1,216.02 1,794.46 
      
, , 
 
10,919.69 11,187.45 
       147.40 109.93 
      
, 
 
769.83 1,044.38 
       209.30 210.21 
       126.26 177.93 
       25,152.10 29,846.79 
       1,572.43 3,954.56 
       2,158.69 3,624.17 
       74.25 74.25 
       3,746.37 3,146.34 
       129.31 372.48 
       211.49 5.08 
       17,129.97 18,487.59 
      , 
 0 41 
       129.59 141.32 
V. 
 4,024.47 3,815.53 V. 
 8,845.11 11,904.86 
 1,977.79 2,447.60  955.22 114.57 
 240.10 243.89  348.33 362.66 
 1,806.58 1,124.04  7,541.56 11,427.63 
VI.  
     VI. 
 (-) 45,121.11 (-) 45,840.13 
VII.  
 1,31,597.14 1,45,202.72 VII. 
 43,564.79 40,684.40 
 1,16,602.22 1,28,163.22  41,643.20 38,469.59 
 
0 0 
 
0 0 
 0 0  0 0 
 0 0  0 0 
( ) 
14,994.92 17,039.50 
 
1,921.59 2,214.81 
VIII. 
 0 0 VIII. 
 0 350 
IX. 
 0 355.47 IX. 
 5.47 0 

 
145  
( )
 2023-24 2024-25  2023-24 2024-25 
X.  5,44,412.09 5,89,700.74 X. 
 5,38,015.71 5,76,190.59 
 9,304.56 9,184.27  7,989.18 8,170.86 
 5,050.82 5,714.77  9,472.40 3,384.31 
  4,11,345.63 4,49,614.70  
 4,05,808.32 4,48,736.62 
 (-) 0.17 (-) 0.13  4.91 (-) 5.84 
 1,18,711.25 1,25,187.13  1,14,740.90 1,15,904.64 
XI. 
 
0 0 XI.  85,333.91 1,02,373.78 
      
 
16.80 16.80 
       (-) 110.02 (-) 33.95 
      
 
11.37 11.28 
       10,103.03 5,601.49 
       75,312.73 96,778.16 
 9,80,861.85 10,61,440.86  9,80,861.85 10,61,440.86 
 
 
 
  

 
146 
 
 1.3 
( :  1.1.5,  8) 
31 2025   
) 
31 2024 
 
 31 2025 
 
     
6,42,594.00  7,32,287.63 
5,96,618.56  68,8793.67 
0.74  0.84 
204.85  153.13 
45,769.85 / / /
/  43,339.99 
0.00    0.00 
0.00  0.00 
61,331.57  - 65,256.70 
5.62 1984-85  5.62 
24.33  20.04 
5,346.22  3,988.43 
0.31  0.31 
4.22  3.17 
55,950.87 /
 61,239.13 
150.00  500.00 
35,199.41 ,  36,212.81 
99,011.63  1,08,294.12 
9,598.63  11,929.08 
0.00  0.00 
0.00  0.00 
0.00  0.00 
0.00  0.00 
8,47,885.24  9,54,480.34 
     
3,95,740.93  4,42,848.89 
55,946.26 , 
 60,339.18 
3,39,794.67  3,82,509.71 
47,875.80  55,965.11 
7,519.30  5,186.27 
39,518.73  49,822.34 
837.77  956.50 
7.56  7.56 
15.65  9.94 

 
147  
31 2024 
 
31 2025
 
462.96  284.89 
85,333.91  1,02,373.78 
16.80  16.80 
(-) 110.02  (-) 33.95 
11.37  11.28 
0.00  0.00 
75,312.73  96,778.16 
10,103.03  5,601.49 
3,18,442.96  - 3,52,990.17 
0.00 (i)  0.00 
0.00 (ii)  350.00 
3,18,442.96  3,52,640.17 
5.47  0.00 
8,47,885.24  9,54,480.34 
 
  

 
148 
 
 2.1 
( :  2.5.3,  91) 
(  ) 
 
) 
. 
     
 
-  ( ) 
1. 
06   
( , 
, 
) 
1,400.74 14.58 1,298.20 (-) 102.54 
2. 
09 - , 
 
1,333.72 72.66 1,279.97 (-) 53.75 
3. 21  
 2,152.55 23.91 2,134.37 (-) 18.18 
4. 
24  
( , 
) 
520.22 10.02 503.91 (-) 16.31 
5. 
29 -   
 ( ,
) 
203.60 32.78 202.45 (-) 1.15 
6. 
31  
 
119.92 47.51 74.66 (-) 45.26 
7. 32  
 1,649.91 58.69 1,619.67 (-) 30.24 
8. 34 
 14,226.81 373.62 12,903.86 (-) 1,322.95 
9. 35  
 169.47 8.24 168.41 (-) 1.06 
10. 38   1,362.90 81.21 1,266.65 (-) 96.25 
11. 40   4,336.68 138.31 4,236.34 (-) 100.34 
12. 41  
 8,382.23 158.01 8,198.48 (-) 183.75 
13. 42  
 22,698.80 1,672.74 20,056.12 (-) 2,642.68 
14. 43   43,524.82 771.44 37,756.70 (-) 5,768.12 
15. 44 - , 
 1,516.66 10.93 1,370.11 (-) 146.55 
16. 
47 - 
 ( , 
) 
621.00 45.75 606.49 (-) 14.51 

 
149  
) 
. 
     
 
17. 
49  
 
438.47 35.46 317.89 (-) 120.58 
 1,04,658.50 3,555.86 93,994.28 (-) 
10,664.22 
 -  ( ) 
18. 20  644.27 156.55 428.83 (-) 215.44 
19. 
30  
 (
) 
18.50 14.62 15.29 (-) 3.21 
20. 39 -  (
) 1,360.35 27.84 1,340.61 (-) 19.73 
 2,023.12 199.01 1,784.73 (-) 238.38 
 -  ( ) 
21. 26  
 12,261.70 48.69 8,831.47 (-) 3,430.23 
 12,261.70 48.69 8,831.47 (-) 3,430.23 
 1,18,952.32 3,803.56 1,04,610.48 (-) 
14,332.84 
: 2024-25 ) 
  

 
150 
 
 2.2 
( :  2.5.3,  91) 
(  3 ) 
 
) 
. 
    
-
   
( ) 
-  ( ) 
1. 03   379.64 45.20 424.84 396.15 28.69 
2. 35   139.11 18.69 157.80 153.14 4.66 
3. 50  
 40.27 26.89 67.16 60.30 6.86 
 559.02 90.78 649.80 609.59 40.21 
-  ( ) 
4. 02   56.61 18.70 75.31 71.46 3.85 
5. 03 -  1,537.77 722.34 2,260.11 1,855.72 404.39 
6. 04  
 2,852.02 170.76 3,022.78 2,961.45 61.33 
7. 
07 -  
( , , 
) 
714.69 126.94 841.63 740.43 101.20 
8. 10   (  
) 546.78 122.24 669.02 660.11 8.91 
9. 
13  
 (  , 
) 
11,367.29 839.87 12,207.16 12,112.88 94.28 
10. 
15  
 ( , 
) 
57.54 11.48 69.02 64.44 4.58 
11. 16   1,714.15 492.43 2,206.58 2,122.45 84.13 
12. 
17   
( , , 
) 
1,117.00 358.58 1,475.58 1,467.68 7.90 
13. 
18   
( , , 
) 
250.05 34.03 284.08 260.73 23.35 
14. 19  
 19,090.06 1,825.63 20,915.69 19,116.14 1,799.55 
15. 
23  
( , 
) 
488.96 18.13 507.09 492.16 14.93 
16. 28   (
) 151.03 102.16 253.19 226.62 26.57 
17. 39 -  (
) 434.73 44.45 479.18 453.84 25.34 
18. 46 -  (
) 116.57 29.26 145.83 134.12 11.71 
19. 51 - 
 1,575.02 2,448.36 4,023.38 3,747.04 276.34 

 
151  
) 
. 
    
-
   
( ) 
20. 54 -  ( , 
) 662.99 149.42 812.41 687.17 125.24 
21. 55 -  57.68 189.08 246.76 242.41 4.35 
 42,790.94 7,703.86 50,494.80 47,416.85 3,077.95 
-  ( ) 
22. 40   8.19 18.57 26.76 18.60 8.16 
 8.19 18.57 26.76 18.60 8.16 
-  ( ) 
23. 04  
 833.52 80.03 913.55 904.10 9.45 
24. 
07   
( , , 
) 
606.28 320.72 927.00 757.61 169.39 
25. 
09 - , 
 
92.14 278.98 371.12 141.55 229.57 
26. 19  
 1,107.33 634.37 1,741.70 1,707.70 34.00 
27. 
29 -    
( , 
) 
173.54 76.24 249.78 189.54 60.24 
28. 34  
 10,372.14 1,169.64 11,541.78 11,190.48 351.30 
29. 43   516.76 958.34 1,475.10 1,002.47 472.63 
30. 45  
 66.57 121.22 187.79 172.85 14.94 
31. 
47 - 
 ( , 
) 
15.00 94.84 109.84 98.55 11.29 
32. 48 -  1,165.00 927.06 2,092.06 2,035.48 56.58 
 14,948.28 4,661.44 19,609.72 18,200.33 1,409.39 
-  ( ) 
33. 48   1,235.80 198.90 1,434.70 1,360.84 73.86 
 1,235.80 198.90 1,434.70 1,360.84 73.86 
 59,542.23 12,673.55 72,215.78 67,606.21 4,609.57 
: 2024-25  
  

 
152 
 
 -2.3 
( :  2.5.4,  91) 
2024-25
 )  
) 
. 
     
   (-) 
/  (+) 
,  
05   
1. 2401.00.103.AA  
 171.88 0.00 (-) 91.54 80.35 127.24 (+) 46.89 
2. 2401.00.109.AB  
 81.16 0.00 (-) 12.64 68.52 71.54 (+) 3.02 
3. 2402.00.101.AA  
 56.76 0.00 (-) 4.31 52.45 57.61 (+) 5.16 
19   
4. 
2210.05.105.KG - MBBS/BDS 
7.5% 
 
70.00 0.00 (-) 41.18 28.82 95.70 (+) 66.88 
 
05 -  
5. 
2401.00.103.AN  
 
0.00 0.00 46.94 46.94 0.00 (-) 46.94 
6. 2401.00.109.AF  
 0.00 0.00 3.01 3.01 0.00 (-) 3.01 
 379.80 0.00 (-) 99.72 280.09 352.09 (+) 72.00 
: 2024-25

 
153  
 2.4 
( :  2.5.5,  92) 
2024-25 ,   
  
) 
. 
  
 
 
 
 
 
( -
) 
-  ( ) 
1. 
13 - 
 
(  , 
) 
12,207.15 12,112.88 (-) 94.27 60.86 (-) 33.41 
2. 
22 -  ( , 
) 
12,101.61 11,414.65 (-) 686.96 667.03 (-) 19.93 
3. 
26  
 
3,606.53 2,390.97 (-) 1,215.56 1,137.92 (-) 77.64 
4. 
27- , 
 
1,805.52 1,050.52 (-) 755.00 255.00 (-) 500.00 
5. 40-  4,474.99 4,236.34 (-) 238.65 123.87 (-) 114.78 
6. 
41  
 
8,540.24 8,198.48 (-) 341.76 330.60 (-) 11.16 
7. 43  
 44,296.25 37,756.70 (-) 6,539.55 6,525.08 (-) 14.47 
8. 
45  
 
7,762.46 7,303.94 (-) 458.52 425.93 (-) 32.59 
9. 
50  
 
42,468.99 40,604.01 (-) 1,864.98 1,842.04 (-) 22.94 
10. 
54 -  
( , 
) 
812.42 687.17 (-) 125.25 110.37 (-) 14.88 
 1,38,076.16 1,25,755.66 (-) 12,320.50 11,478.70 (-) 841.80 
-  ( ) 
11. 
21  
 
17,889.82 16,190.19 (-) 1,699.63 1,693.63 (-) 6.00 
12. 40 -  4,052.79 3,191.19 (-) 861.60 843.95 (-) 17.65 
 21,942.61 19,381.38 (-) 2,561.23 2,537.58 (-) 23.65 
 1,60,018.77 1,45,137.04 (-) 14,881.73 14,016.28 (-) 865.45 
: 2024-25  
  

 
154 
 
 2.5 
( :  2.5.5,  93) 
2022-23  2024-25  ) 
  
) 
. 
 
/   
2022-23 2023-24 2024-25 
 ( ) 
1. 01   9.72  
(10.83) 
9.03 
(10.30) 
17.24 
(20.56) 
2. 02   7.09 
(13.79) 
3.68 
(5.99) 
3.84 
(5.11) 
3. 06 -  ( , 
, ) 
124.93 
(9.43) 
72.70 
(5.55) 
117.12 
(8.27) 
4. 11   
( ) 
31.53 
(7.54) 
59.72 
(13.02) 
32.44 
(6.64) 
5. 20   316.65 
(5.65) 
610.00 
(9.42) 
1,680.11 
(22.20) 
6. 26  
 
2,816.21 
(49.16) 
508.09 
(13.58) 
1,215.56 
(33.70) 
7. 27 - , 
 
574.59 
(24.48) 
1,244.60 
(60.31) 
754.99 
(41.82) 
8. 28  (
) 
28.90 
(17.21) 
16.41 
(9.35) 
26.57 
(10.49) 
9. 29 -    ( , 
) 
10.03 
(5.71) 
12.86 
(6.32) 
33.93 
(14.35) 
10. 31  
 
109.17 
(54.80) 
43.63 
(33.24) 
92.76 
(55.40) 
11. 34  
 
1,592.73 
(11.82) 
1,334.85 
(9.36) 
1,696.58 
(11.62) 
12. 38   51.14 
(7.65) 
96.06 
(12.89) 
177.45 
(12.29) 
13. 42   1,621.71 
(7.17) 
1,863.38 
(8.65) 
4,315.42 
(17.71) 
14. 44 - , 
 
119.27 
(13.09) 
148.00 
(10.38) 
157.48 
(10.31) 
15. 45  
 
838.26 
(13.64) 
936.27 
(12.19) 
458.52 
(5.91) 
16. 46   (
) 
13.03 
(11.07) 
11.09 
(8.75) 
11.71 
(8.03) 
17. 
47   
( , 
) 
32.62 
(6.53) 
33.13 
(5.40) 
60.26 
(9.04) 
18. 49 - 
 
69.64 
(16.99) 
121.68 
(18.93) 
156.04 
(32.92) 
19. 52   83.19 
(8.90) 
152.32 
(13.79) 
301.54 
(21.98) 
20. 54 -  ( , 
) 
87.49 
(13.17) 
93.78 
(12.84) 
125.25 
(15.42) 
( ) 
21. 06 -  ( , 
, ) 
9.37 
(6.99) 
74.91 
(53.10) 
11.91 
(24.98) 

 
155  
) 
. 
 
/   
2022-23 2023-24 2024-25 
22. 
15 -   
( , 
) 
5.29 
(100) 
4.99 
(100) 
29.00 
(41.43) 
23. 16   675.45 
(91.20) 
238.42 
(61.13) 
102.08 
(67.96) 
24. 20   172.49 
(44.62) 
277.53 
(39.03) 
371.99 
(46.45) 
25. 22  ( , 
) 
126.83 
(63.42) 
41.13 
(17.79) 
275.53 
(66.67) 
26. 
23   
( , 
) 
12.79 
(37.47) 
52.59 
(65.73) 
37.61 
(43.01) 
27. 
29 -    
( , 
) 
60.51 
(41.69) 
28.15 
(17.91) 
60.24 
(24.12) 
28. 32  
 
56.47 
(8.51) 
80.30 
(39.58) 
22.70 
(22.23) 
29. 40   819.66 
(18.26) 
1431.83 
(27.66) 
861.59 
(21.26) 
30. 42   1,661.80 
(37.85) 
359.90 
(14.93) 
1,767.90 
(33.85) 
31. 43   327.42 
(60.08) 
246.43 
(41.18) 
472.63 
(32.04) 
32. 45  
 
30.78 
(56.96) 
40.25 
(49.22) 
14.94 
(7.96) 
33. 52   9.46 
(49.25) 
6.30 
(86.29) 
15.50 
(91.13) 
34. 54   ( , 
) 
16.35 
(6.48) 
161.59 
(41.26) 
106.47 
(23.31) 
 ( ) 
35. 14   1,464.18 
(79.41) 
1,286.17 
(57.37) 
568.83 
(83.24) 
36. 16   71.89 
(55.74) 
33.68 
(29.90) 
36.71 
(8.03) 
37. 22 -  ( , 
) 
11.94 
(56.47) 
17.67 
(82.01) 
13.84 
(62.90) 
(
) 
 ( ) 
  

 
156 
 
 2.6 
( :  2.5.5,   93) 
2024-25 -
  
) 
. 
  -
 
 
 
 
1 01-  85.76 68.26 (-) 17.50 20.41 
50  
2 02- 
 98.65 94.23 (-) 4.41 4.47 
3 03-  2,684.94 2,251.86 (-) 433.08 16.13 
4 
04- 
 
3,960.95 3,890.14 (-) 70.81 1.79 
5 
05- 
 
15,021.32 12,784.45 (-) 2,236.87 14.89 
6 
06-  
( , 
, 
) 
1,464.28 1,335.25 (-) 129.03 8.81 
7 
07- 
 (
, , 
) 
1,768.63 1,498.04 (-) 270.59 15.30 
8 
08-  
( , 
, 
) 
953.28 795.88 (-) 157.40 16.51 
9 
09- , 
 
1,780.84 1,423.33 (-) 357.51 20.08 
10 
10-  
(
) 
669.97 660.89 (-) 9.08 1.36 
11 
11- 
 
(
) 
488.58 456.14 (-) 32.44 6.64 
12 
12-  
(  , 
) 
5,641.74 4,803.86 (-) 837.88 14.85 
13 
13- 
 
(  , 
) 
14,364.53 14,270.26 (-) 94.28 0.66 

 
157  
) 
. 
  -
 
 
 
 
14 14-  25,739.36 25,147.42 (-) 591.94 2.30 
15 
15-  
 
( , 
) 
150.67 116.35 (-) 34.32 22.78 
16 16-  2,814.20 2,591.29 (-) 222.92 7.92 
17 
17- 
 
( , 
, 
) 
1,594.70 1,473.80 (-) 120.90 7.58 
18 
18- , 
( , 
, 
) 
284.12 260.77 (-) 23.35 8.22 
19 
19- 
 
22,660.10 20,826.46 (-) 1,833.64 8.09 
20 20-  8,368.33 6,316.23 (-) 2,052.10 24.52 
21 
21- 
 
20,177.04 18,434.82 (-) 1,742.23 8.63 
22 
22-  ( , 
) 
12,543.07 11,565.38 (-) 977.69 7.79 
50  
23 
23- 
 
( , 
) 
594.94 542.40 (-) 52.53 8.83 
24 
24- 
( , 
) 
539.74 513.20 (-) 26.54 4.92 
25 
25- 
-  
( , 
) 
671.50 670.47 (-) 1.03 0.15 
26 
26- 
 
15,924.06 11,225.48 (-) 4,698.57 29.51 
27 
27- , 
 
2,924.98 1,717.38 (-) 1,207.60 41.29 
28 28- 
( 253.19 226.63 (-) 26.57 10.49 

 
158 
 
) 
. 
  -
 
 
 
 
) 
29 
29-  
 
( , 
) 
488.15 393.49 (-) 94.66 19.39 
30 
30- 
 (
) 
220.28 195.33 (-) 24.95 11.33 
31 
32- 
 
1,812.69 1,699.60 (-) 113.09 6.24 
32 33-  98.66 94.56 (-) 4.10 4.16 
33 
34- 
 
27,401.22 24,682.76 (-) 2,718.46 9.92 
34 35- 
 342.66 328.16 (-) 14.50 4.23 
35 
36- , 
 
433.43 355.54 (-) 77.89 17.97 
36 
37- 
( , 
) 
212.20 209.72 (-) 2.49 1.17 
37 38-  1,575.05 1,318.52 (-) 256.53 16.29 
38 39-  
( ) 1,868.65 1,795.67 (-) 72.98 3.91 
39 40-  8,555.15 7,446.73 (-) 1,108.42 12.96 
40 
41- 
 
8,545.56 8,203.55 (-) 342.01 4.00 
41 
42- 
 
29,596.23 23,512.42 (-) 6,083.81 20.56 
50  
42 43- 
 45,772.36 38,759.80 (-) 7,012.56 15.32 
43 
44- , 
 
1,568.90 1,374.23 (-) 194.67 12.41 
44 
45- 
 
7,951.16 7,477.04 (-) 474.11 5.96 
45 
46- 
(
) 
146.33 134.62 (-) 11.71 8.00 
46 47- 
 789.59 718.04 (-) 71.55 9.06 

 
159  
) 
. 
  -
 
 
 
 
( , 
) 
47 48- 
 10,912.85 10,630.07 (-) 282.78 2.59 
48 
49- 
 
475.38 318.68 (-) 156.69 32.96 
49 
50- ,
 
42,536.14 40,664.31 (-) 1,871.83 4.40 
50 
51- 
 
4,023.42 3,747.04 (-) 276.38 6.87 
51 
52- 
 
1,389.17 1,072.13 (-) 317.03 22.82 
52 53- 
 14,372.73 14,175.34 (-) 197.40 1.37 
53 
54-  
( , 
) 
1,269.24 1,037.52 (-) 231.72 18.26 
54 55- 
 259.32 253.41 (-) 5.91 2.28 
55 
56-  
(
) 
63,635.22 60,170.86 (-) 3,464.36 5.44 
56 
57- 
 
(
) 
41,178.26 40,684.40 (-) 493.85 1.20 
57 
31- 
 
167.83 74.91 (-) 92.91 55.36 51  75 
 
 4,81,821.31 4,37,489.16 (-) 44,332.15   
( : 2024-25 ) 
  

 
160 
 
 2.7 
( :  2.5.5,  94) 
2025   
 
) 
. 
  
-
 
-
 
  
 31.03.2025
 
1. 01- 
 85.42 0.35 85.76 68.26 (-) 17.50 (-) 11.53 
2. 02- 
 75.56 23.09 98.65 94.23 (-) 4.41 (-) 4.37 
3. 03-  1,917.41 767.53 2,684.94 2,251.86 (-) 433.08 (-) 431.09 
4. 
04- 
 
3,706.05 254.89 3,960.95 3,890.14 (-) 70.81 (-) 70.31 
5. 
05- 
 
14,762.54 258.79 15,021.32 12,784.45 (-) 2,236.87 (-) 451.80 
6. 
06- 
 (
, , 
) 
1,448.94 15.34 1,464.28 1,335.25 (-) 129.03 (-) 126.74 
7. 
07- 
 
( , 
, 
) 
1,320.97 447.66 1,768.63 1,498.04 (-) 270.59 (-) 270.63 
8. 
08-  
( , 
, 
) 
881.92 71.36 953.28 795.88 (-) 157.40 (-) 121.87 
9. 
09- 
, 
 
1,428.86 351.98 1,780.84 1,423.33 (-) 357.51 (-) 355.48 
10. 
10-  
(
) 
547.28 122.69 669.97 660.89 (-) 9.08 (-) 7.84 
11. 
11- 
 
(
) 
488.58 0.00 488.58 456.14 (-) 32.44 (-) 12.66 
12. 12-  
(  , 5,641.74 0.00 5,641.74 4,803.86 (-) 837.88 (-) 55.33 

 
161  
) 
. 
  
-
 
-
 
  
 31.03.2025
 
) 
13. 
13- 
 
(  , 
) 
11,630.67 2,733.86 14,364.53 14,270.26 (-) 94.28 (-) 60.86 
14. 14-  22,309.64 3,429.73 25,739.36 25,147.42 (-) 591.94 (-) 107.54 
15. 
15-  
 
( , 
) 
132.38 18.29 150.67 116.35 (-) 34.32 (-) 5.31 
16. 16-  1,971.69 842.52 2,814.20 2,591.29 (-) 222.92 (-) 101.42 
17. 
17- 
 
( , 
, 
) 
1,230.00 364.70 1,594.70 1,473.80 (-) 120.90 (-) 7.90 
18. 
18- , 
( , 
, 
) 
250.05 34.07 284.12 260.77 (-) 23.35 (-) 23.33 
19. 
19- 
 
20,197.83 2,462.27 22,660.10 20,826.46 (-) 1,833.64 (-) 1,990.71 
20. 20- 
 8,211.78 156.55 8,368.33 6,316.23 (-) 2,052.10 (-) 1,084.99 
21. 
21- 
 
20,042.86 134.18 20,177.04 18,434.82 (-) 1,742.23 (-) 743.57 
22. 
22-  ( , 
) 
12,542.69 0.38 12,543.07 11,565.38 (-) 977.69 (-) 317.90 
23. 
23- 
 
( , 
) 
576.40 18.53 594.94 542.40 (-) 52.53 (-) 35.17 
24. 
24- 
 
( , 
) 
520.47 19.28 539.74 513.20 (-) 26.54 (-) 26.09 
25. 
26- 
 
15,875.36 48.69 15,924.06 11,225.48 (-) 4,698.57 (-) 729.26 

 
162 
 
) 
. 
  
-
 
-
 
  
 31.03.2025
 
26. 
27- , 
 
2,924.65 0.33 2,924.98 1,717.38 (-) 1,207.60 (-) 228.65 
27. 
28- 
(
) 
151.03 102.17 253.19 226.63 (-) 26.57 (-) 26.46 
28. 
29-  
 
( , 
) 
378.63 109.52 488.15 393.49 (-) 94.66 (-) 94.43 
29. 
30- 
 (
) 
205.66 14.62 220.28 195.33 (-) 24.95 (-) 23.73 
30. 
31- 
 
120.32 47.51 167.83 74.91 (-) 92.91 (-) 92.91 
31. 
32- 
 
1,753.99 58.70 1,812.69 1,699.60 (-) 113.09 (-) 103.13 
32. 33-  91.96 6.70 98.66 94.56 (-) 4.10 (-) 4.11 
33. 
34- 
 
25,857.95 1,543.27 27,401.22 24,682.76 (-) 2,718.46 (-) 2,246.91 
34. 35- 
 311.58 31.08 342.66 328.16 (-) 14.50 (-) 14.00 
35. 
36- , 
 
412.30 21.13 433.43 355.54 (-) 77.89 (-) 44.97 
36. 38-  1,486.21 88.84 1,575.05 1,318.52 (-) 256.53 (-) 229.78 
37. 39-  
( ) 1,795.58 73.07 1,868.65 1,795.67 (-) 72.98 (-) 236.12 
38. 40-  8,398.04 157.11 8,555.15 7,446.73 (-) 1,108.42 (-) 438.65 
39. 
41- 
 
8,383.04 162.52 8,545.56 8,203.55 (-) 342.01 (-) 330.85 
40. 
42- 
 
27,922.35 1673.88 29,596.23 23,512.42 (-) 6,083.81 (-) 5,228.45 
41. 43- 
 44,042.08 1,730.28 45,772.36 38,759.80 (-) 7,012.56 (-) 6,997.99 
42. 
44- , 
 
1,556.66 12.23 1,568.90 1,374.23 (-) 194.67 (-) 157.94 

 
163  
) 
. 
  
-
 
-
 
  
 31.03.2025
 
43. 
45- 
 
7,829.93 121.23 7,951.16 7,477.04 (-) 474.11 (-) 250.06 
44. 
46- 
(
) 
117.07 29.26 146.33 134.62 (-) 11.71 (-) 11.05 
45. 
47- 
 
( , 
) 
644.00 145.59 789.59 718.04 (-) 71.55 (-) 71.62 
46. 48- 
 9,786.89 1,125.96 10,912.85 10,630.07 (-) 282.78 (-) 210.34 
47. 
49- 
 
439.77 35.61 475.38 318.68 (-) 156.69 (-) 156.10 
48. 
50- ,
 
42,509.25 26.89 42,536.14 40,664.31 (-) 1,871.83 (-) 750.20 
49. 
51- 
 
1,575.02 2,448.40 4,023.42 3,747.04 (-) 276.38 (-) 276.26 
50. 
52- 
 
1,389.16 0.00 1,389.17 1,072.13 (-) 317.03 (-) 65.75 
51. 53- 
 14,372.52 0.22 14,372.73 14,175.34 (-) 197.40 (-) 72.22 
52. 
54-  
( , 
) 
1,119.77 149.47 1,269.24 1,037.52 (-) 231.72 (-) 173.51 
53. 55- 
 69.93 189.39 259.32 253.41 (-) 5.91 (-) 5.88 
54. 
56-  
(
) 
63,634.27 0.96 63,635.22 60,170.86 (-) 3,464.36 (-) 402.65 
 4,17,076.69 22,682.65 4,39,759.35 3,95,924.57 (-) 43,834.77 (-) 26,098.42 
( : 2024-25 ) 
  

 
164 
 
 -2.8 
( :  2.5.5,  95) 
2024-25  
  
) 
. 
 
 
     
  
1. 
19  
 
2210.01.110.JJ  
 
114.31 536.30 (-) 548.76 101.81 (-) 548.81 
2. 
2210.03.103.BI -  
 
1,206.33 0.00 (-) 255.16 950.07 (-) 256.26 
3. 
2235.60.200.KG -  
 
619.72 105.21 (-) 202.11 522.25 (-) 202.68 
4. 
2211.00.103.UD -  
 
 
805.23 409.89 (-) 162.45 1,052.67 (-) 162.45 
5. 
4210.01.200.PC   
 
447.53 59.56 (-) 106.51 400.58 (-) 106.51 
6. 
20  
 
2202.03.104.AA -  
( -
) 
2,255.19 0.00 (-) 463.73 1,790.98 (-) 464.20 
7. 
2203.00.105.AP -  
 
410.44 0.00 (-) 410.44 0.00 (-) 410.44 
8. 
2202.03.103.AA -  
( ) 
1,377.45 0.00 (-) 198.13 1179.05 (-) 198.40 
9. 
2203.00.001.AG -  
 
172.97 0.00 (-) 172.79 0.18 (-) 172.79 

 
165  
) 
. 
 
 
     
  
10. 4202.02.104.JA  
 297.31 0.00 (-) 192.83 104.48 (-) 192.83 
11. 
34  
 
2217.05.800.KA -  
 
400.00 0.00 (-) 168.76 231.24 (-) 168.76 
12. 
3604.00.191.SG -  
 - 
 
137.00 0.00 (-) 116.28 20.72 (-) 116.28 
13. 
4217.60.800.QC -  
  
3  
300.00 0.00 (-) 130.00 170.00 (-) 130.00 
14. 
6217.60.190.PN -  
M3 
 
350.00 0.00 (-) 170.00 180.00 (-) 170.00 
15. 
6217.60.190.PR -  
 
 
 
275.00 0.00 (-) 275.00 0.00 (-) 275.00 
16. 
6217.60.190.PT -  
350.00 0.00 (-) 250.00 100.00 (-) 250.00 

 
166 
 
) 
. 
 
 
     
  
 
(SMIF 
TN- III-
TNUDF)
 
17. 
42  
 
2015.00.109.AA -  
 
371.42 0.00 (-) 368.38 3.04 (-) 368.38 
18. 
2215.02.105.UB -  
 
 
158.40 0.00 (-) 123.78 34.62 (-) 123.78 
19. 
2505.02.101.UA -  
 
1,732.50 0.00 (-) 808.14 924.36 (-) 808.14 
20. 
2505.02.793.UA -  
 
717.75 0.00 (-) 334.80 382.95 (-) 334.80 
21. 
2505.02.101.UB -  
  
 
577.50 0.00 (-) 269.38 308.12 (-) 269.38 
22. 2505.02.101.SB  
 529.20 0.00 (-) 256.59 272.61 (-) 256.59 
23. 
2505.02.793.UB -  
  
 
239.25 0.00 (-) 111.60 127.65 (-) 111.60 
24. 
2216.03.800.JA -  
 
414.00 34.42 (-) 241.42 207.00 (-) 241.42 

 
167  
) 
. 
 
 
     
  
25. 
2216.03.789.JB -  
 
180.00 114.08 (-) 204.08 90.00 (-) 204.08 
26. 
3604.00.197.SB -  
15
 / 
 
266.13 0.00 (-) 133.07 133.07 (-) 133.07 
27. 
3604.00.198.SC -  
15
 
946.24 0.00 (-) 473.12 473.12 (-) 473.12 
28. 
3604.00.198.SD -  
15
 / 
 
1,419.36 0.00 (-) 709.68 709.68 (-) 709.68 
29. 
4515.00.103.UC -  
 
(PMGSY-III)
 
1,341.00 0.00 (-) 715.07 625.93 (-) 715.07 
30. 
4515.00.103.JC - NABARD 
 
889.54 0.00 (-) 670.00 219.54 (-) 670.00 
31. 
4515.00.103.UF -  
PMGSY-III
  
 
894.00 0.00 (-) 456.72 437.28 (-) 456.72 
32. 
4515.00.789.JD  
NABARD 
 
266.86 0.00 (-) 201.00 65.86 (-) 201.00 

 
168 
 
) 
. 
 
 
     
  
 
33. 
43  
 
2202.02.109.AA -  
 
10,836.71 9.45 (-) 815.10 10,028.11 (-) 818.05 
34. 
2202.01.101.AC -  
 
9,181.94 0.00 (-) 676.60 8,499.77 (-) 682.17 
35. 
2202.02.110.AA -  
 
45,60.93 39.99 (-) 458.80 4,141.80 (-) 459.11 
36. 
2202.01.102.AD -  
 
4,009.31 302.03 (-) 426.03 3,883.17 (-) 428.17 
37. 
2202.01.793.UA 
(
)
 (SSA) 
 
341.30 0.00 (-) 205.94 135.36 (-) 205.94 
38. 
2202.01.108.JC -  
 
132.97 39.59 (-) 163.12 9.45 (-) 163.12 
39. 
2202.02.113.UE - 
(
) 
( )  
 
188.06 8.57 (-) 153.88 42.75 (-) 153.88 
40. 
2202.01.113.UD - 
(
) 
 (  
686.42 5.69 (-) 148.35 543.75 (-) 148.35 

 
169  
) 
. 
 
 
     
  
) 
 - 
 
41. 
2202.01.101.AD -  
 
2,682.53 0.00 (-) 127.82 2,553.28 (-) 129.25 
42. 
2202.02.106.JC -  
 
98.88 10.71 (-) 104.59 5.00 (-) 104.59 
43. 
4202.01.201.JJ -  
 
0.00 187.45 (-) 187.45 0.00 (-) 187.45 
44. 
4202.01.202.JG -  
 
 
264.00 404.97 (-) 107.11 561.85 (-) 107.13 
 53,444.68 2,267.91 (-)13,474.60 42,223.15 (-) 13,489.50 
( : 2024-25 ) 
 
  

 
170 
 
 -2.9 
( :  2.5.5,  95) 
-    
, 2024-25
100  
) 
. 
 
 
     
  
1.  
12  
( , 
) 
2425.00.108.KD -  
 
650.00 0.00 (-) 650.00 0.00 (-) 650.00 
2.  
2425.00.108.KO -  
KCC
. 
160.00 0.00 (-) 160.00 0.00 (-) 160.00 
3.  
17 - 
 
( , 
, 
) 
4851.00.103.AC -  
 
113.00 0.00 (-) 113.00 0.00 (-) 113.00 
4.  
20  
 
2203.00.105.AP -  
 
410.44 0.00 (-) 410.44 0.00 (-) 410.44 
5.  2202.03.102.BU -  
 /  235.35 0.00 (-) 235.35 0.00 (-) 235.35 
6.  
4202.02.104.JD -  
 
0.00 156.55 (-) 156.55 0.00 (-) 156.55 
7.  
22  
( , 
) 
4055.00.211.SA -  
108.19 0.00 (-) 108.19 0.00 (-) 108.19 

 
171  
) 
. 
 
 
     
  
 
8.  
27  , 
 
2852.08.600.AB -  
 
150.00 0.00 (-) 150.00 0.00 (-) 150.00 
9.  
5053.02.102.AK -  
 
100.00 0.00 (-) 100.00 0.00 (-) 100.00 
10.  
34  
 
3604.00.191.SF -  
15
 
350.00 0.00 (-) 350.00 0.00 (-) 350.00 
11.  
4217.60.800.AC -  
 
300.00 0.00 (-) 300.00 0.00 (-) 300.00 
12.  
2217.05.191.UH  
 
2.0 
  
252.00 0.00 (-) 252.00 0.00 (-) 252.00 
13.  
2217.05.191.UI -  
2.0 
  
 
168.00 0.00 -168.00 0.00 (-) 168.00 
14.  
4217.60.800.JP -  
 
159.46 0.00 -159.46 0.00 (-) 159.46 
15.  
2215.01.101.KB -  
 
 
100.00 0.00 (-) 100.00 0.00 (-) 100.00 
16.  43  
 
2202.01.113.UA 
(
) 
(
) 
 
1,029.62 8.53 (-) 1,038.16 0.00 (-) 1,038.16 

 
172 
 
) 
. 
 
 
     
  
17.  
2202.01.800.KU  
2009, 12(1)(c) 
 
450.00 0.00 (-) 450.00 0.00 (-) 450.00 
18.  
2202.02.113.UC  
 (
) 
(
) 
281.51 13.43 (-) 294.94 0.00 (-) 294.94 
19.  
4202.01.201.JJ -  
) 
0.00 187.45 (-) 187.45 0.00 (-) 187.45 
20.  
2202.02.109.BI -  
, 
 
100.00 0.00 (-) 100.00 0.00 (-) 100.00 
21.  
56  
 
(
) 
2049.01.101.AB (C)-  
3,836.78 0.00 (-) 3,836.78 0.00 (-) 3,836.78 
22.  
2049.01.101.AC (C) -  
  
2,250.00 0.00 (-) 2,250.00 0.00 (-) -2,250.00 
 11,204.34 365.96 (-) 11,570.30 0.00 (-)11,570.30 
( : 2024-25 ) 
  

 
173  
 2.10 
( :  2.5.6,  97) 
2024-25
 
. 
 
 /    
(  ) 
 
 
1 
04- 
 
G.O 
(Ms) No. 
215 
50,00,000 4225.02.794.SB 
, 
 
.  
, 
. 
2 
39- 
(
) 
G.O(Ms) 
No.02 38,00,000 4210.01.110.JA 
( ) 
0.38 
, 
 
3 
42- 
 
G.O(Ms) 
No.13 1,00,00,000 2215.02.105.JO 
, 
  
, 
, 
, 
. 
: 2024-25 ) 
  

 
174 
 
 -2.11 
( :  2.5.8,  100) 
2025
 
 ) 
. 
  
 
 
 
 
 
1.  
04 
 
2225.01.277.AH 
 
O 9.81 
2.  2225.01.277.BD 
 / 
 
O 3.90 
3.  2225.02.794.SA 
 
O, S2 4.61 
4.  4225.01.277.AB 
 
O, S1, S2 71.76 
5.  4225.01.277.JM 
NABARD
 
O 30.05 
6.  4225.01.277.JN 
RIDF) 
NABARD  
 
O 50.00 
7.  05  2401.00.109.UD 
 
O, S2, R1 10.76 

 
175  
)
. 
  
 
 
 
 
 
8.  2401.00.109.VE 
 
 
O, S2, R1 7.17 
9.  4435.01.101.PE 
II -
 
O, S1, R1 4.00 
10.  
06 
( , 
, 
) 
2403.00.101.LD 
 
O 3.78 
11.  2403.00.101.UT 
 
 (ESVHD-
MVU)  
 
O, S2, R1 7.85 
12.  2403.00.107.JH 
 
S1, S2, R1 4.83 
13.  07 ( , 
, 
) 
4405.00.101.PD 
 
(TNIAMP-II) 
S1, S2 3.28 

 
176 
 
)
. 
  
 
 
 
 
 
 
14.  4405.00.104.UE  
 
O, S2 3.80 
15.  
08 
(
, , 
) 
4404.00.102.JF 
NABARD 
 
O 10.00 
16.  6404.00.190.AB 
 
O 200.00 
17.  09 
, 
 
2225.03.190.JA 
 
O 4.50 
18.  12 
( , 
) 
2425.00.789.AB 
KCC 
 
O 6.84 

 
177  
)
. 
  
 
 
 
 
 
19.  2425.00.789.JA 
 
O 50.00 
20.  13 ( , 
) 
4408.01.190.JB 
 
 
S2, R1 2,000.00 
21.  
14  
2801.80.101.JI 
 
S2 1,036.00 
22.  4801.05.190.AA 
-
 
O 350.00 
23.  17 
 
( , 
, 
) 
2851.00.103.BD  O 7.87 
24.  
19 
 
2210.06.200.UA  
 
O, S2, R1 20.92 
25.  2210.80.793.UA 
 
O, S2, R1 4.63 
26.  2210.80.793.UB 
 - 
 
O, S2, R1 3.08 

 
178 
 
)
. 
  
 
 
 
 
 
27.  2210.80.800.UB  O, S2, R1 31.38 
28.  2235.02.102.UO 
 (PMMVY). 
O, S2 38.68 
29.  2235.02.793.UE 
 (PMMVY). 
O, S2 8.68 
30.  
20  
2202.03.104.UA 
(RBSA)
 
O, S2, R1 5.71 
31.  2203.00.001.AE 
 
O 16.60 
32.  
21 
 
5054.03.337.JA  S2, R1 35.51 
33.  5054.04.337.KM 
V-
CPRR) 
 
O 14.52 
34.  
22 
( , 
) 
2055.00.001.AS 
 
O, R1 16.48 
35.  4055.00.211.AO 
 
O 5.07 
36.  24 
( , 
4070.00.800.KE 
 
O, S1, S2 8.99 

 
179  
)
. 
  
 
 
 
 
 
) 
37.  
26 
 
2216.02.190.AF 
 
O 40.00 
38.  6217.60.190.PV 
 
O, R2 2,650.00 
39.  
27 
, 
 
4860.01.800.AA 
 
S2, R1 5.10 
40.  5053.02.102.AP 
 
O 200.00 
41.  6860.60.600.AC  
 
O 200.00 
42.  6875.60.190.AM 
NABARD
O 65.00 

 
180 
 
)
. 
  
 
 
 
 
 
 
43.  6875.60.800.AC 
SIDBI) 
 
O, S2, R1 165.56 
44.  
29 
 
( , 
) 
4202.04.800.KH 
 
O, S1, S2, R1 5.83 
45.  5452.01.101.AD 
  
 
S1, R1 4.00 
46.  
32 
 
2230.01.103.AC 
 
 
O 9.25 
47.  2230.03.789.JD ITI) 
 
O, S2 3.80 
48.  
34 
 
2217.05.191.UL 
2.0 
 
 S2, R1 6.02 
49.  2217.80.800.PN  S2, R1 6.58 

 
181  
)
. 
  
 
 
 
 
 
(TNCRUDP)
CMA
 
50.  3604.00.191.AS 
6
 
O 120.00 
51.  3604.00.191.AW 
6
 
O 5.00 
52.  3604.00.191.AY 
6
 
O 108.00 
53.  3604.00.191.AZ 
6
 
O 10.00 
54.  3604.00.192.AJ 
6
 
O 216.00 
55.  3604.00.192.AM 
6
O 5.00 

 
182 
 
)
. 
  
 
 
 
 
 
 
56.  4215.01.101.BE 
54 
, 
 
 S1, R1 15.46 
57.  4215.01.101.BF 
45 
 
 S1, R1 30.39 
58.  4215.01.101.BG 
, 
, 
, 
/ 
 
 S1, R1 100.00 
59.  4215.01.101.BH 
158 
 S1, R1 31.40 

 
183  
)
. 
  
 
 
 
 
 
- 
II 
60.  4215.01.101.BI 
 
 S2 300.00 
61.  4215.01.101.KD 
 
 S1, R1 32.58 
62.  4215.01.101.KE 
, , 
 
 S1, R1 10.15 
63.  4215.01.800.AA 
 
O, S2, R1 100.00 
64.  4215.02.101.AB 
 
 S1, R1 17.99 
65.  4215.02.101.AC 
 
 S1, R1 4.84 
66.  4217.60.051.AA 
 
O 20.99 
67.  6217.60.190.PN M3 
 
O, S2, R1 180.00 
68.  39 ( ) 4059.01.051.LH   S1, R1 72.72 
69.  40  2216.02.800.AF O, S2, R1 3.76 

 
184 
 
)
. 
  
 
 
 
 
 
 
70.  2700.01.101.AC 
  
. 
O, S1, R1 71.56 
71.  4215.01.101.JB 
(C) 
 
O, S1 3.42 
72.  4700.02.800.AA 
(C)  O, S2 3.97 
73.  4700.04.800.EB  NABARD 
  S1, R1 3.00 
74.  4701.03.352.PA 
 
(IAMWARM)
( ) 
 
 S2, R1 11.68 
75.  4701.04.800.DB  -NABARD 
 O, S1, R1 3.56 
76.  4702.00.101.JA 
(C)   S2 3.26 
77.  41 
 
2070.00.800.CK 
 
 S1, S2, R1 11.52 
78.  
42  
2216.03.789.JG 
 
 S2 646.00 
79.  2216.03.796.JG 
JANMAN)
 S2 108.71 

 
185  
)
. 
  
 
 
 
 
 
 
80.  2216.03.796.JH 
 
 S2 34.00 
81.  2501.06.003.UB 
 
O, S2, R1 19.76 
82.  2501.06.003.UE 
  
 
O, S2, R1 13.17 
83.  2501.06.793.UA 
  
O, S2, R1 5.08 
84.  2501.06.793.UE 
  
 
O, S2, R1 3.39 
85.  2501.06.794.UA 
  
O, S2, R1 3.06 
86.  4515.00.796.JA NABARD 
 
O 4.45 
87.  43  
 2202.01.108.JC 
 
O, S2 9.45 

 
186 
 
)
. 
  
 
 
 
 
 
88.  2202.01.800.BB 
1
8
, 
/
 
O, S2 5.60 
89.  2202.01.800.BC 
, 
, 
, 
, 
/
, 
, 
 
O, S2 5.31 
90.  2202.02.106.JC 
 
O, S2 5.00 
91.  2202.02.109.KJ 
/  
 
O 146.35 
92.  2202.02.789.JH O 44.88 

 
187  
)
. 
  
 
 
 
 
 
 
93.  2202.02.789.JO 
 
O, S2 20.68 
94.  2202.02.796.JB 
/  
 
O 3.90 
95.  2202.02.800.JQ 11 
12
 
O 3.35 
96.  2225.01.789.JD 
 
O, S2 50.06 
97.  2225.02.796.KB 
 
 
O, S2 4.84 
98.  4202.04.105.AA 
 
O, S2 3.64 

 
188 
 
)
. 
  
 
 
 
 
 
99.  
44 
, 
  
2851.00.102.MG 
 
O 6.00 
100.  2851.00.102.SB  
 
S2, R1 14.86 
101.  6851.00.102.AH 
 
O 3.52 
102.  
45 
 
2235.02.103.CH 
, 
 
S2, R1 7.68 
103.  2235.02.103.SL 
 - X
(SASCI) (
) 
S2, R1 147.18 
104.  2236.02.101.BA 
 
S1, S2, R1 22.20 
105.  4236.80.800.AD 
 
S1, S2 25.74 
106.  
48  
2235.02.789.AC 
 
 S2, R2 1,189.55 
107.  2235.02.796.AA  S2, R2 64.30 

 
189  
)
. 
  
 
 
 
 
 
 
108.  3055.00.190.AK 
 
O, S1, R1 7.50 
109.  
50 
, 
 
2071.01.117.AB 
 
O, R2 444.19 
110.  2071.01.117.AC 
 
O, R2 246.84 
111.  2071.01.117.AD 
 
O, R2 16.72 
112.  
51  
2245.02.106.AA 
 
O, S2 14.94 
113.  2245.02.122.AD 
 
O, S2 4.12 
114.  2245.02.190.AB 
 
O, S2 15.00 
115.  2245.02.190.AF 
 
O, S2 5.00 
116.  2245.02.193.AX 
, 
, 
, 
O, S2 5.00 

 
190 
 
)
. 
  
 
 
 
 
 
 
117.  2245.02.282.AA , 
 
O, S2 5.00 
118.  2245.80.103.AB 
 
 S2 5.42 
119.  52  2235.02.101.NP 
 
O 3.06 
120.  
53  
2230.03.789.JF 
 
O 4.20 
121.  2230.03.800.AK 
 
O 15.60 
122.  54 
 ( , 
) 
4406.01.101.AD 
 
S2, R1 4.01 
 12,469.02 
: O/o AG(A&E) VLC

191 
2.12 
( :  2.5.8,  101) 
2024-25  
 )
. 
   2024-25
 
2024-25  2024-25
 
4
 
2025
( ) 
1
 
2
 
3
 
4
  
1. 01  68.29 26.87 10.12 21.48 9.78 2.43 68.26 14.33 3.56
2. 02  94.28 21.33 19.11 18.67 35.12 21.68 94.22 37.27 23.01
3. 03  2,240.79 588.65 487.00 610.58 564.01 168.30 2,250.23 25.06 7.48
4. 04  3,890.63 399.79 657.79 1,382.54 1,390.85 762.55 3,830.96 36.31 19.90
5. 05  12,783.90 2,274.86 2,947.85 3,425.35 3,813.28 3,018.57 12,461.34 30.60 24.22
6. 06 
( , 
, 
) 
1,334.41 350.09 266.21 307.24 319.53 175.25 1,243.06 25.70 14.10
7. 07 
(
, , 
) 
1,498.00 294.77 246.45 445.82 479.97 297.06 1,467.01 32.72 20.25
8. 08 
(
, , 
) 
795.88 12.15 134.13 151.70 497.91 491.41 795.88 62.56 61.74

  
 
192 
 
 )
. 
   2024-25
 
2024-25  2024-25
 
4
 
2025
( ) 
1
 
2
 
3
 
4
  
9. 09 
, 
 
1,423.88 236.36 152.29 512.55 507.43 362.88 1,408.63 36.02 25.76
10. 10 (
) 662.13 209.82 157.81 141.18 151.65 66.20 660.46 22.96 10.02
11. 11 (
) 
456.89 152.72 66.64 113.97 122.67 76.78 455.99 26.90 16.84
12. 12 
( , 
) 
,4804.00 74.75 370.66 2,803.23 1,554.08 1,174.81 4,802.73 32.36 24.46
13. 13 ( , 
) 
14,303.67 2,981.52 2,657.76 3,862.59 4,201.76 1,577.12 13,703.63 30.66 11.51
14. 14  25,147.41 16,265.20 1,865.74 3,637.17 3,221.16 3,195.77 24,989.27 12.89 12.79
15. 15 ( , 
) 
111.50 7.21 11.46 53.32 39.35 27.95 111.34 35.34 25.10
16. 16  2,591.54 504.75 471.63 588.91 1,025.11 824.82 2,590.41 39.57 31.84
17. 17  ( , 1,473.80 168.77 219.11 598.36 473.59 283.02 1,459.83 32.44 19.39

  
193  
 )
. 
   2024-25
 
2024-25  2024-25
 
4
 
2025
( ) 
1
 
2
 
3
 
4
  
, 
) 
18. 18 
, 
 ( , 
, 
)  
258.79 42.12 60.38 88.21 67.18 20.37 257.89 26.05 7.90
19. 19  20,668.04 4,631.72 5,314.59 4,577.63 5,959.01 1,771.32 20,482.95 29.09 8.65
20. 20  6,317.92 1,506.86 1,313.77 1,739.05 1,526.62 292.52 6,086.30 25.08 4.81
21. 21 
 
17,833.45 3,172.95 4,110.12 3,146.57 7,323.99 4,605.93 17,753.63 41.25 25.94
22. 22 
( , 
) 
11,571.23 3,426.77 2,653.05 3,014.21 2,458.71 482.02 11,552.74 21.28 4.17
23. 23 ( , 
) 
542.69 148.04 122.43 140.10 129.87 48.43 540.44 24.03 8.96
24. 24 ( , 
) 
513.02 124.59 116.06 115.06 157.33 70.91 513.03 30.67 13.82
25. 25 - ( , 605.50 81.83 122.72 121.66 288.62 224.73 614.84 46.94 36.55

  
 
194 
 
 )
. 
   2024-25
 
2024-25  2024-25
 
4
 
2025
( ) 
1
 
2
 
3
 
4
  
) 
26. 26  10,871.67 3,037.82 6,247.28 577.53 1,277.16 839.71 11,139.80 11.46 7.54
27. 27 
, 
 
2,217.38 3.85 19.03 521.91 1,172.05 915.00 1,716.84 68.27 53.30
28. 28 (
) 
226.73 78.24 48.87 63.19 35.80 13.57 226.10 15.83 6.00
29. 29 
 
( , 
) 
383.72 39.07 52.85 176.57 116.58 69.54 385.07 30.27 18.06
30. 30 (
) 
194.07 58.00 41.49 50.54 44.69 11.92 194.71 22.95 6.12
31. 31 
 
74.91 2.90 23.31 13.03 (-) 120.07 (-) 141.25 (-) 80.83 148.55 174.75
32. 32  1,694.40 416.81 363.76 530.74 310.59 40.20 1,621.90 19.15 2.48
33. 33  94.55 23.22 21.28 20.82 29.00 11.99 94.32 30.75 12.71
34. 34  24,275.17 2,468.02 4,837.77 6,469.10 1,0721.83 7,989.63 24,496.73 43.77 32.62
35. 35  328.65 113.92 57.33 86.35 67.53 23.13 325.13 20.77 7.11

  
195  
 )
. 
   2024-25
 
2024-25  2024-25
 
4
 
2025
( ) 
1
 
2
 
3
 
4
  
36. 36 , 
 350.19 44.71 61.08 143.54 105.27 40.19 354.60 29.69 11.33
37. 37 ( , 
) 
209.73 51.86 47.09 56.01 54.74 21.27 209.70 26.10 10.14
38. 38  1,319.74 219.48 414.38 318.60 195.23 52.01 1,147.69 17.01 4.53
39. 39 ( ) 1,499.44 162.40 263.16 439.23 528.90 307.73 1,393.69 37.95 22.08
40. 40  7,092.12 772.16 931.92 1,054.88 4,176.20 3,634.05 6,935.15 60.22 52.40
41. 41  8,214.70 2,072.39 1,933.59 2,012.21 2,166.65 865.64 8,184.83 26.47 10.58
42. 42  22,726.17 2,539.23 7,195.88 6,279.62 6,031.23 3,810.63 22,045.95 27.36 17.28
43. 43  38,684.66 11,659.03 9,685.32 9,754.74 7,601.46 1,136.69 38,700.54 19.64 2.94
44. 44 
, 
 
1,374.47 226.23 313.20 367.55 459.97 304.88 1,366.95 33.65 22.30
45. 45  6,993.04 1,731.90 1,365.43 2,095.70 1,620.91 793.03 6,813.95 23.79 11.64
46. 46 
(
) 
135.28 20.26 34.09 38.78 39.77 19.64 132.89 29.92 14.78
47. 47 577.25 45.23 48.68 48.60 298.16 161.97 440.66 67.66 36.76

  
 
196 
 
 )
. 
   2024-25
 
2024-25  2024-25
 
4
 
2025
( ) 
1
 
2
 
3
 
4
  
( , 
) 
48. 48  10,630.12 1,428.89 3,234.71 2,406.64 3,559.83 1,678.36 10,630.07 33.49 15.79
49. 49 
 
318.71 16.65 48.93 78.73 174.33 95.27 318.63 54.71 29.90
50. 50 
, 
 
40,687.24 11,527.07 9,808.27 9,098.49 10,217.37 4,657.88 40,651.20 25.13 11.46
51. 51  2,172.16 (-) 7.04 19.00 2,371.57 (-) 658.31 (-) 81.79 1,725.22 (-) 38.16 (-) 45.32
52. 52  1,059.55 136.31 215.78 306.63 411.62 171.39 1070.34 38.46 16.01
53. 53  14,175.34 3,459.19 3,512.63 3,597.56 3,605.96 1,236.33 14,175.34 25.44 8.72
54. 54 
( , 
) 
1,040.56 174.58 232.22 269.43 333.25 191.19 1,009.48 33.01 18.94
55. 55  253.44 9.49 8.06 9.91 216.78 209.66 244.24 88.75 85.84
56. 56  60,171.01 11,491.71 11,346.58 14,740.52 22,587.43 13,223.41 60,166.24 37.54 21.98
57. 57  
 40,684.41 10,930.85 7,091.75 11,410.69 11,251.11 3,849.22 40,684.40 27.65 9.46
: O/o AG(A&E) VLC   

         
197  
 2.13 
( :  2.8.1,  107) 
99 - , 
 
  ) 
 
. 
    
1.  04 -  2251.00.090.BK (V) 0.75 
2.  05 -  3451.00.090.AP (V) 0.60 
3.  06 - ( , , 
) 3451.00.090.AQ (V) 0.51 
4.  09 - , 
 2251.00.090.BL (V) 0.17 
5.  10 - ( ) 2052.00.090.CR (V) 0.44 
6.  12 - ( , 
) 3451.00.090.AR (V) 0.38 
7.  14 -  2052.00.090.CS (V) 0.23 
8.  15 - 
( , ) 3451.00.090.AS (V) 0.75 
9.  17 -  ( , , 
) 3451.00.090.AT (V) 0.30 
10.  19 -  2251.00.090.BM (V) 0.61 
11.  20 -  2251.00.090.BN (V) 0.35 
12.  21 -  2052.00.090.CU (V) 0.16 
13.  22 - ( , 
) 2052.00.090.CV (V) 0.24 
14.  26 -  2251.00.090.BO (V) 0.41 
15.  27 - , 
 3451.00.090.AU (V) 
0.26 
16.  29 -  ( , 
) 2251.00.090.BP (V) 0.71 
17.  31 - 
 3451.00.090.AV (V) 
0.29 
18.  32 -  2251.00.090.BQ (V) 0.59 
19.  33 -  2052.00.090.CW (V) 0.56 
20.  34 -  2251.00.090.BR (V) 0.58 
21.  35 -  2052.00.090.CX (V) 0.55 
22.  36 - ,  2052.00.090.CY (V) 0.05 
23.  38 -  2052.00.090.CZ (V) 0.20 
24.  39 - ( ) 2052.00.090.DA (V) 0.41 
25.  40 -  2052.00.090.DB (V) 0.61 
26.  41 -  2052.00.090.DC (V) 0.63 
27.  42 -  2251.00.090.BS (V) 0.46 
28.  43 -  2251.00.090.BT (V) 0.42 

 
 
198 
 
  ) 
 
. 
    
29.  44 - , 
 3451.00.090.AW (V) 0.20 
30.  45 -  2251.00.090.BU (V) 0.49 
31.  46 - ( ) 2251.00.090.BV (V) 0.33 
32.  48 -  3451.00.090.AX (V) 0.31 
33.  49 - 
 2251.00.090.BW (V) 0.22 
34.  52 -  2251.00.090.BX (V) 0.26 
35.  53 -  2052.00.090.DD (V) 0.32 
36.  55 -  3451.00.090.AZ (V) 0.16 
 14.47 
: 2024-25 )  
 
  

         
199  
 
 3.1 
( :  3.13,  132) 
31, 2025 
 
. 
   
 
 
1.  , 
600 025 2024-25 1 
2.  , 
 2023-24 2 
3.  , 
 2024-25 1 
4.  , 
 2024-25 1 
5.  ,  2024-25 1 
6.  
, , 
600 025 
2024-25 1 
7.  , 
,  2024-25 1 
8.  , 
600 005 2024-25 1 
9.  
 2023-24 2 
10.  
,  2021-22 3 
11.   
, 
,  
2020-21 4 
12.  
,  2022-23 2 
 
13.    2023-24 2 
14.  PSG , 
  2023-24 2 
 
15.  , 
,  2023-24 1 
16.  
A.
, , 
 
2024-25 1 
17.  D.R.B.C.C.C. , 
,  2024-25 1 
18.  , , 
 
2024-25 1 

 
 
200 
 
. 
   
 
19.  , , 
 -600 034 2024-25 1 
20.  , 
,  2024-25 1 
21.  , 
,  2024-25 1 
22.  , 
,  2024-25 1 
23.  , 
,  
2024-25 1 
24.  
, T.H. , 
  600 021 
2024-25 1 
25.  
, 17, 
,    600 
086 
2024-25 1 
26.  , 
 2024-25 1 
27.  , 
,  2024-25 1 
28.  ,   2024-25 1 
29.  , 
 2024-25 1 
30.  YMCA , 
,  2024-25 1 
31.  
A.
 (A.D.M 
), , 
 
2024-25 1 
32.  AVC ,  2024-25 1 
33.  ,  2024-25 1 
34.  , 
,  638004 2024-25 1 
35.  , 445  
. . , 
, -600106 
2024-25 1 
36.  , -626533 2022-23 1 
37.  
, No. 7, 
, , 
-620020 
2024-25 1 
38.  , ,  2024-25 1 
39.  , 
  2024-25 1 

         
201  
. 
   
 
40.   , 
 2024-25 1 
41.  , 
,  2024-25 1 
42.  
 
, 
 
2024-25 1 
43.  , -620001 2024-25 1 
44.  , 
,   621007 2024-25 1 
45.  
NKT 
, , 
 
2024-25 1 
46.   , 
 2023-24 1 
47.  , 
 2024-25 1 
48.  
PSG 
 ( ), 
 
2024-25 1 
49.  ,  2024-25 1 
50.   ,  2024-25 1 
51.  , , 
,  
2024-25 1 
52.  , 
,  2024-25 1 
53.  
 
, 
, -
613002 
2024-25 1 
54.  ,  2024-25 1 
55.  ,  2024-25 1 
56.  , ,  
600 114 
2024-25 1 
 
57.  
A.D.J.  
, 
 
2023-24 2 
58.  
A.M.K.  
, 
,  
2023-24 2 
59.  
CIT  
, 
 
2023-24 2 

 
 
202 
 
. 
   
 
60.  
 
, , 
 
2023-24 1 
61.   
,  2023-24 2 
62.  
P.T.   
, ,  
2023-24 2 
63.  PSG 
,   2023-24 2 
64.   
,  2023-24 2 
65.   
,  2023-24 2 
66.   
,  2024-25 1 
67.  
 
,  
2024-25 1 
68.   
,  2024-25 1 
69.   
,   2024-25 1 
70.    
,  2024-25 1 
71.  GRG  
,  2022-23 2 
72.  NPA  
,  2024-25 1 
73.   
,  2023-24 2 
74.  SSM 
,  2024-25 1 
 
75.   2022-23 1 
76.  , 
 ,  
2024-25 1 
77.   2024-25 1 
78.   2024-25 1 
79.   2023-24 2 
80.  
 
2022-23 2 

         
203  
. 
   
 
81.  ,  2021-22 3 
82.  ,  2021-22 3 
83.  ,  2022-23 2 
84.  ,   2021-22 3 
85.  ,  2022-23 2 
86.  ,  2021-22 3 
 
  

 
 
204 
 
3.2
( :  3.15,  136) 
, , 
 
. 
 
     
 
 
(  
) 
 
 
(  
) 
 
 
(  
) 
 
 
(  
) 
1  7 9.26 97 223.03 13 208.69 117 440.98 
2  4 0.04 1 0.04 1 87.85 6 87.93 
3  8 1.08 6 16.29 8 34.81 22 52.18 
4  0 0 0 0 3 127.68 3 127.68 
5  1 0.02 0 0 1 0.14 2 0.16 
6  0 0 1 0.23 0 0 1 0.23 
7  1 0 0 0 1 68 2 68 
8  1 0.07 0 0 0 0 1 0.07 
9  0 0 0 0 4 234.11 4 234.11 
10  0 0 2 0.32 0 0 2 0.32 
11 
 
4 2.3 6 4.16 19 109.5 29 115.96 
12  0 0 2 16.79 0 0 2 16.79 
13  1 0.96 1 0 6 22.54 8 23.5 
14  0 0 4 9.73 1 1.14 5 10.87 
15  1 0 0 0 1 1.43 2 1.43 
16 
 
0 0 0 0 2 2.14 2 2.14 
17  0 0 0 0 1 14.57 1 14.57 
18  0 0 9 3.46 0 0 9 3.46 
19  0 0 3 3.13 1 7.16 4 10.29 
20  0 0 2 1.27 74 172.15 76 173.42 
21  0 0 1 12.16 4 38.12 5 50.28 
22  0 0 0 0 1 1.36 1 1.36 
23  0 0 0 0 5 2.32 5 2.32 
24  1 1.97 0 0 1 12.8 2 14.77 
25  0 0 1 4 28 1335.37 29 1339.37 
   29 15.70 136 294.61 175 2,481.88 340 2,792.19 
 
 
 
 

         
205  
  
  
 
( 1 31 
, 
CAG 
 
 
 
, 
, 
, 
, 
 
 
 
, 
, 
 
 
; 
 
 , 
2) x 100 
 
, 
, 
GSDP 0.6 , 
GSDP 0.6 
 
 
  
 
 
, 
, 
 
 
 
, 

 
 
206 
 
  
, 
 
 
(  
 
 
 
, , 
, 
GSDP 
 
GSDP  , 
 x  
, 
, GSDP 
, , 
,  
, GSDP 
, 
GSDP  
 
, 
GSDP
; 
, 
, , 
, 
 
 
, , 
, 
, 
, 
 

         
207  
  
 
 
 
; 
, 115/205
 
(GSDP) 
, 
GSDP  
 
; , 
, 
 
 
 
, 
, 
, , , , 
 
 
  
 
 , 
, 
 
 
   
 
, 
 
  
 , 
 

 
 
208 
 
  
 
, 115(1)( 205(1)( , 
, , 
 
(Primary 
expenditure) ; , 
 
(Primary 
revenue deficit) ; , 
 
 
, 266(2)
, , 
, 
, 
. 
 
 
 
, 
; , 
, 
 
 
   
  
 , 
;  , 
 
  
, 
; 
, 
 

         
209  
  
 
,  
, 
 
  
, 
, 
 
, 
; 
, 
, 
, 
 
, 
, , 
, 
, 
 
 
 
, 
 
  
 
 
 , 
 
 
 
 
 
 
  

 
 
210 
 
 
  
AC    
ACS  
ADB  
AE  
AFS  
AIS  
AMRUT  
ARR  
ASD  
AT&C  
ATF   
ATNs  
BE  
CAG  
CAS  
CCOs  
CE  
CF  
CGST  
CMRL  
CMWSSB  
CNG  
CoE  
COs  
Cr.  
CRIF  
CSS     
DC  
DCPS  
DDOs  
DDR ,  
DISCOM  
DoE  
DPC ,  
Dr.  
EAP  
EN  
FC  
FE  

         
211  
FHTCs  
FPS  
FRBM  
FRE  
FY  
GBS  
GDC  
GDP  
GI  
GIA  
G.O.  
GoI  
GoTN  
GRF  
GSDP  
GST  
GSVA  
HOA  
HOD  
ICPS  
IFHRMS  
IGAS  
IGST  
IMFL  
Ind AS  
JJM  
LB  
LIC  
LMMH  
MGNREGA   
MH  
MMDR  
MoP  
MoSPI  
MoU  
MTFP  
NBC  
NFHS  
NFSA  
NITI  

 
 
212 
 
NMET  
NPS  
NRLM  
NRHM  
NRLM  
OBBs  
OD  
ODOP  
PAC  
PAOs  
PB  
PCI  24 
PD  
PE  
PFMS  
PFRDA  
PLFS  
PMAGY  
PMAY   
PMGSY  
PRB  
PSUs  
PWD  
RBI  
RCH  
RD  
RDSS  
RE  
RGI  
RLB  
RS  
SDF  
SDMF  
SDRF  
SDRMF  
SFC  
SGST  
SIPDA  
SLS  
SMDF  

         
213  
SMET  
SNA  
SPSEs  
SPSUs  
SRS  
SWMA  
TA  
TANGEDCO  
TANTRANSCO  
TB  
TE  
TNEB  
TNFR   
TNGECL  
TNPDCL  
TNPGCL  
TNRHIDC  
TNUIFSL  
TNWRCRR  
TUFIDCO  
UCs  
UDAY  
ULB  
UTs  
VLC  
WMA  
WQM&S  
XV FC  
 

 
 
 
 
 
 
 
 
 
©  
 
www.cag.gov.in 
 
 
 
 
 
 
 
 
 
 
 
 
http://www.cag.gov.in/ag1/tamil-nadu/en 
 
  