Table of contents

ii


iii

viii


ix


x

1


2


3 
3505.97

4


5


6


7


8


9


10


11


12


13


14


15


18


19


20


21


22


23


24


25


26


27


28


29


30


31


32


33


34


35


36


37


38


39


40


41


42


43


44


45


46


47


48


49


50


51


52


53


54


56


57


58


59


60


61


62


63


64


65


66


67


68


72


73


74


75


76


77


78


79


80


81


82


83


84


85


86


87


88


89


90


91


92


93


94


95


96 
Annexure 5

97


98 
Annexure 6

99


100


101 
Annexure 8

102 
Annexure 9


103


104


105


106


107


108 
Annexure 12


109 
Annexure 13


110 
Annexure 14