lR;eso t;rs
Report of the 
Comptroller and Auditor General of India
for the year ended 31 March 2013
Report No. 1 of the year 2014

i
6
25
42
54
57
61
62
63
67
70
74
76
-

ii
81
81
82
83
84
84
85
85
86
86
88
88
88
88
89
91
92
95
95
96
97
98
98
99
100
100
101
102
102
102
103
104

iii
105
122
128
Kumaon Mandal Vikas 
Nigam Limited

iv
133
134
135
136
137
138
139
140
142
143
144
145
146
147
149
148
153
157
158
159
160
161
162
over

v

vii

viii

ix

x

xi

1

2

3

4

5
value

6

7

8

9

10

11

12

13

14

15

16

17

18

19

20

21

22

23

24

25

26

27

28

29

30

31

32

33

34

35

36

37

38

39

40

41

42
,

43

44

45

46

47
,

48

49

50

51

52

53

54

55
,,

56

57

58

59

60

61

62

63

64

65

66

67

68
,,
,
,,
,,
,

69

70
-

71

72

73

74

75


76

77

78

79

80

81

82

83
,,
,

84
,
,
,
,
,
,
,
,
,
,

85
,
,
,
,
,
,, , ,

86
,
,
,
,
,
,
,

87
,
,

88
,
,,
,

89

90

91
-

92
-

93

95

3089.75 3195.49
3791.95 3838.04
4352.25
2387.04
2588.39 2465.29
2883.12 2702
0
500
1000
1500
2000
2500
3000
3500
4000
4500
5000
2008-09 2009-10 2010-11 2011-12 2012-13
Capital Long Term Loans
5000
4500
4000
3500
3000
2500
2000
1500
1000
500
0
(54.98)
(39.20)
3011.06
(0.39)
21.53
2146.59
297.61
(5.43)
4431.46
(62.82)
21.96
(0.31)
(29.43)
(7.44)
524.84
2075.99
2008-09 2012-13
Power Finance Infrastructure Others
(` in Crore)
96
,
,
,
,
,
,
,
,
,,

800
700
600
500
400
300
200
100
0
2008-09 2009-10 2010-11 2011-12 2012-13
294.86
129.57
702.88
578.25
796.14
Budgetary outgo towards Equity, Loans and Grants/Subsidies
(` in Crore)
97
,,

98
,
,
,
,
,
,
,

99
,
,
,
,
,

100
,
,

101

102

103
05

104
12 Department of Power & Department of Tourism
12

105
,
,
-

106
-

107
,

108
,

109

110

111

112
,,

113

114

115

116

117
,,

118
,
,

119

120

121

122

123

124

125

126

127

128

129

130

131

133
7

134
4

135

136

137
3

138

139

140

141

142
3

143

144

145

146
7
Udham Singh Nagar

147
59

148
2

149
95
98

150

151

152

153
96

154

155

156

157
97 98

158

159

160
9
9

161
6

162
128
Position of Uttarakhand Power Corporation Limited (UPCL) in meeting deficit power by unscheduled interchange (UI) overdrawal, 
short term power purchase and power cut